0.24 
0.24 
0.27 
0.28 
0.28 
0.24 
0.24 
0.24 
0.27 
0.24 
0.22 
0.22 
0.27 
0.28 
0.22 
0.24 
0.22 
0.22 
0.24 
0.22 
0.22 
0.22 
0.24 
0.22 
2.45 
2.43 
2.25 
0.28 
0.59 
1.15 
1.32 
0.28 
0.22 
0.28 
0.24 
1.34 
0.22 
0.28 
0.49 
0.22 
0.44 
1.78 
0.35 
0.33 
0.24 
0.24 
0.28 
0.31 
0.20 
0.15 
0.20 
0.22 
0.35 
0.44 
0.28 
0.22 
0.20 
0.15 
0.17 
0.61 
0.24 
0.22 
0.22 
0.27 
0.27 
0.22 
0.20 
0.27 
0.22 
0.24 
0.27 
2.12 
0.27 
0.59 
0.33 
0.28 
0.28 
0.31 
0.33 
0.39 
0.31 
0.35 
0.35 
0.68 
0.35 
0.35 
0.52 
0.44 
0.35 
0.35 
0.28 
0.27 
0.27 
0.28 
0.31 
0.31 
