1.25 
1.84 
1.31 
1.31 
1.88 
1.77 
1.78 
1.68 
1.38 
1.36 
1.73 
1.85 
1.31 
1.36 
1.06 
1.30 
1.41 
1.71 
1.83 
1.74 
1.88 
1.78 
9.89 
10.47 
9.45 
11.40 
9.72 
6.00 
9.67 
5.43 
8.36 
4.03 
3.38 
4.62 
10.18 
5.82 
5.80 
6.38 
5.08 
7.15 
5.51 
9.00 
5.84 
6.38 
9.37 
9.50 
6.93 
6.30 
6.66 
6.86 
8.06 
9.38 
6.29 
6.36 
10.67 
6.30 
7.04 
8.06 
6.07 
7.66 
5.33 
5.94 
11.90 
9.45 
5.76 
6.66 
6.14 
10.45 
8.93 
6.66 
11.44 
9.39 
6.68 
5.34 
6.14 
8.21 
5.46 
6.38 
9.02 
7.74 
5.38 
5.20 
5.41 
5.04 
5.76 
5.10 
4.31 
3.13 
1.58 
1.54 
0.75 
1.33 
1.73 
1.60 
1.69 
1.60 
