0.28 
0.28 
0.31 
0.33 
0.33 
0.28 
0.28 
0.28 
0.31 
0.28 
0.26 
0.26 
0.31 
0.33 
0.26 
0.28 
0.26 
0.26 
0.28 
0.26 
0.26 
0.26 
0.28 
0.26 
2.88 
2.85 
2.64 
0.33 
0.70 
1.35 
1.55 
0.33 
0.26 
0.33 
0.28 
1.59 
0.26 
0.33 
0.57 
0.26 
0.51 
2.10 
0.41 
0.39 
0.28 
0.28 
0.33 
0.37 
0.23 
0.18 
0.23 
0.26 
0.41 
0.51 
0.33 
0.26 
0.23 
0.18 
0.21 
0.73 
0.28 
0.26 
0.26 
0.31 
0.31 
0.26 
0.23 
0.31 
0.26 
0.28 
0.31 
2.49 
0.31 
0.70 
0.39 
0.33 
0.33 
0.37 
0.39 
0.47 
0.37 
0.41 
0.41 
0.80 
0.41 
0.41 
0.62 
0.51 
0.41 
0.41 
0.33 
0.31 
0.31 
0.33 
0.37 
0.37 
