1.57 
1.17 
1.01 
1.12 
1.06 
1.15 
0.94 
0.73 
1.12 
1.93 
1.28 
1.24 
1.13 
1.22 
0.57 
0.32 
0.40 
0.36 
0.86 
0.37 
0.28 
0.38 
0.93 
2.28 
3.10 
3.02 
2.50 
2.64 
3.38 
3.08 
2.75 
2.88 
4.71 
3.57 
2.86 
2.21 
1.79 
1.73 
1.30 
1.25 
1.72 
1.93 
1.55 
1.81 
2.26 
2.05 
2.58 
2.91 
1.83 
1.41 
1.15 
1.18 
1.54 
1.56 
1.73 
1.79 
2.32 
1.93 
1.43 
2.18 
1.48 
1.77 
2.22 
1.61 
1.36 
1.58 
2.06 
2.66 
2.19 
1.89 
2.04 
2.42 
2.25 
1.73 
2.15 
2.99 
1.62 
1.49 
1.80 
1.81 
1.54 
1.66 
2.18 
2.45 
1.80 
2.05 
2.89 
2.51 
1.61 
1.52 
1.70 
1.59 
0.81 
0.71 
1.35 
1.01 
