2.69 
2.65 
2.66 
3.09 
2.76 
2.26 
2.47 
2.38 
2.30 
2.30 
2.27 
2.31 
1.81 
1.81 
1.77 
1.81 
1.76 
1.77 
1.81 
1.76 
1.23 
3.94 
8.98 
8.99 
1.55 
1.16 
5.46 
5.61 
0.38 
0.39 
0.49 
0.79 
1.24 
1.66 
2.05 
1.24 
1.72 
2.74 
2.59 
1.88 
3.09 
2.21 
3.43 
2.49 
2.00 
2.21 
1.92 
1.96 
1.76 
1.34 
1.72 
1.88 
2.03 
1.55 
0.75 
1.97 
1.77 
2.49 
1.51 
1.39 
1.32 
1.31 
0.59 
1.15 
1.29 
3.58 
0.50 
1.52 
1.98 
1.01 
0.92 
0.98 
1.62 
1.62 
1.50 
1.39 
1.32 
1.62 
1.03 
1.04 
2.10 
2.84 
3.78 
2.25 
2.52 
2.43 
2.14 
2.21 
2.21 
2.21 
2.53 
2.19 
3.02 
1.97 
3.97 
2.23 
