0.25 
0.25 
0.28 
0.29 
0.29 
0.25 
0.25 
0.25 
0.28 
0.25 
0.23 
0.23 
0.28 
0.29 
0.23 
0.25 
0.23 
0.23 
0.25 
0.23 
0.23 
0.23 
0.25 
0.23 
2.53 
2.51 
2.33 
0.29 
0.61 
1.19 
1.37 
0.29 
0.23 
0.29 
0.25 
1.39 
0.23 
0.29 
0.51 
0.23 
0.46 
1.84 
0.36 
0.34 
0.25 
0.25 
0.29 
0.32 
0.21 
0.16 
0.21 
0.23 
0.36 
0.46 
0.29 
0.23 
0.21 
0.16 
0.18 
0.63 
0.25 
0.23 
0.23 
0.28 
0.28 
0.23 
0.21 
0.28 
0.23 
0.25 
0.28 
2.19 
0.28 
0.61 
0.34 
0.29 
0.29 
0.32 
0.34 
0.40 
0.32 
0.36 
0.36 
0.70 
0.36 
0.36 
0.54 
0.46 
0.36 
0.36 
0.29 
0.28 
0.28 
0.29 
0.32 
0.32 
