0.18 
0.18 
0.20 
0.21 
0.21 
0.18 
0.18 
0.18 
0.20 
0.18 
0.16 
0.16 
0.20 
0.21 
0.16 
0.18 
0.16 
0.16 
0.18 
0.16 
0.16 
0.16 
0.18 
0.16 
1.80 
1.79 
1.66 
0.21 
0.43 
0.85 
0.97 
0.21 
0.16 
0.21 
0.18 
0.99 
0.16 
0.21 
0.36 
0.16 
0.32 
1.31 
0.26 
0.24 
0.18 
0.18 
0.21 
0.23 
0.14 
0.11 
0.14 
0.16 
0.26 
0.32 
0.21 
0.16 
0.14 
0.11 
0.13 
0.45 
0.18 
0.16 
0.16 
0.20 
0.20 
0.16 
0.14 
0.20 
0.16 
0.18 
0.20 
1.56 
0.20 
0.43 
0.24 
0.21 
0.21 
0.23 
0.24 
0.29 
0.23 
0.26 
0.26 
0.50 
0.26 
0.26 
0.39 
0.32 
0.26 
0.26 
0.21 
0.20 
0.20 
0.21 
0.23 
0.23 
