0.36 
0.36 
0.40 
0.42 
0.42 
0.36 
0.36 
0.36 
0.40 
0.36 
0.32 
0.32 
0.40 
0.42 
0.32 
0.36 
0.32 
0.32 
0.36 
0.32 
0.32 
0.32 
0.36 
0.32 
3.62 
3.59 
3.32 
0.42 
0.88 
1.69 
1.96 
0.42 
0.32 
0.42 
0.36 
1.99 
0.32 
0.42 
0.72 
0.32 
0.65 
2.64 
0.52 
0.49 
0.36 
0.36 
0.42 
0.46 
0.29 
0.23 
0.29 
0.32 
0.52 
0.65 
0.42 
0.32 
0.29 
0.23 
0.26 
0.91 
0.36 
0.32 
0.32 
0.40 
0.40 
0.32 
0.29 
0.40 
0.32 
0.36 
0.40 
3.13 
0.40 
0.88 
0.49 
0.42 
0.42 
0.46 
0.49 
0.59 
0.46 
0.52 
0.52 
1.01 
0.52 
0.52 
0.78 
0.65 
0.52 
0.52 
0.42 
0.40 
0.40 
0.42 
0.46 
0.46 
