1.29 
1.33 
1.13 
1.17 
1.21 
1.21 
1.16 
1.11 
1.10 
1.20 
1.04 
1.15 
1.26 
1.16 
0.97 
1.07 
0.96 
1.05 
0.99 
0.99 
2.98 
1.69 
1.71 
2.77 
1.10 
2.11 
1.40 
2.10 
4.07 
3.16 
4.02 
2.40 
2.32 
1.65 
1.81 
1.54 
2.17 
2.05 
1.44 
1.95 
4.32 
4.91 
5.02 
5.77 
5.80 
5.58 
3.63 
3.12 
2.11 
1.98 
1.92 
1.62 
2.15 
1.62 
2.67 
2.97 
2.28 
2.01 
1.98 
2.64 
2.37 
2.34 
3.02 
3.31 
3.08 
2.42 
2.79 
3.94 
3.66 
2.73 
3.06 
2.73 
2.04 
2.29 
3.06 
5.66 
2.86 
3.84 
2.72 
3.03 
3.88 
3.35 
2.32 
2.25 
2.25 
2.02 
1.99 
1.98 
2.01 
1.88 
1.66 
1.64 
1.53 
1.49 
1.40 
1.36 
