1.32 
1.94 
1.38 
1.38 
1.98 
1.87 
1.88 
1.77 
1.45 
1.43 
1.82 
1.95 
1.38 
1.43 
1.12 
1.37 
1.49 
1.80 
1.93 
1.83 
1.98 
1.88 
10.42 
11.04 
9.96 
12.02 
10.25 
6.32 
10.19 
5.72 
8.81 
4.25 
3.56 
4.87 
10.73 
6.13 
6.11 
6.73 
5.35 
7.54 
5.81 
9.49 
6.16 
6.73 
9.88 
10.01 
7.30 
6.64 
7.02 
7.23 
8.50 
9.89 
6.63 
6.70 
11.25 
6.64 
7.42 
8.50 
6.40 
8.07 
5.62 
6.26 
12.54 
9.96 
6.07 
7.02 
6.47 
11.02 
9.41 
7.02 
12.06 
9.90 
7.04 
5.63 
6.47 
8.65 
5.76 
6.73 
9.51 
8.16 
5.67 
5.48 
5.70 
5.31 
6.07 
5.38 
4.54 
3.30 
1.67 
1.62 
0.79 
1.40 
1.82 
1.69 
1.78 
1.69 
