2.65 
3.91 
2.79 
2.79 
4.02 
3.74 
3.78 
3.56 
2.93 
2.89 
3.69 
3.94 
2.79 
2.89 
2.24 
2.76 
2.98 
3.64 
3.88 
3.72 
4.02 
3.78 
21.06 
22.30 
20.10 
24.27 
20.68 
12.77 
20.60 
11.55 
17.78 
8.59 
7.19 
9.85 
21.67 
12.36 
12.33 
13.59 
10.80 
15.21 
11.74 
19.15 
12.42 
13.59 
19.94 
20.22 
14.75 
13.40 
14.17 
14.61 
17.15 
19.97 
13.37 
13.54 
22.71 
13.40 
14.99 
17.15 
12.91 
16.31 
11.33 
12.64 
25.33 
20.10 
12.28 
14.17 
13.08 
22.24 
19.01 
14.17 
24.34 
20.00 
14.22 
11.35 
13.08 
17.48 
11.63 
13.59 
19.20 
16.47 
11.46 
11.05 
11.52 
10.72 
12.28 
10.85 
9.19 
6.65 
3.37 
3.25 
1.58 
2.84 
3.69 
3.42 
3.59 
3.42 
