0.32 
0.32 
0.36 
0.38 
0.38 
0.32 
0.32 
0.32 
0.36 
0.32 
0.29 
0.29 
0.36 
0.38 
0.29 
0.32 
0.29 
0.29 
0.32 
0.29 
0.29 
0.29 
0.32 
0.29 
3.27 
3.23 
3.00 
0.38 
0.79 
1.53 
1.76 
0.38 
0.29 
0.38 
0.32 
1.80 
0.29 
0.38 
0.65 
0.29 
0.58 
2.38 
0.47 
0.44 
0.32 
0.32 
0.38 
0.41 
0.26 
0.21 
0.26 
0.29 
0.47 
0.58 
0.38 
0.29 
0.26 
0.21 
0.24 
0.82 
0.32 
0.29 
0.29 
0.36 
0.36 
0.29 
0.26 
0.36 
0.29 
0.32 
0.36 
2.82 
0.36 
0.79 
0.44 
0.38 
0.38 
0.41 
0.44 
0.53 
0.41 
0.47 
0.47 
0.91 
0.47 
0.47 
0.70 
0.58 
0.47 
0.47 
0.38 
0.36 
0.36 
0.38 
0.41 
0.41 
