0.33 
0.33 
0.37 
0.39 
0.39 
0.33 
0.33 
0.33 
0.37 
0.33 
0.30 
0.30 
0.37 
0.39 
0.30 
0.33 
0.30 
0.30 
0.33 
0.30 
0.30 
0.30 
0.33 
0.30 
3.38 
3.34 
3.10 
0.39 
0.82 
1.58 
1.82 
0.39 
0.30 
0.39 
0.33 
1.86 
0.30 
0.39 
0.67 
0.30 
0.60 
2.46 
0.49 
0.46 
0.33 
0.33 
0.39 
0.42 
0.27 
0.22 
0.27 
0.30 
0.49 
0.60 
0.39 
0.30 
0.27 
0.22 
0.25 
0.85 
0.33 
0.30 
0.30 
0.37 
0.37 
0.30 
0.27 
0.37 
0.30 
0.33 
0.37 
2.92 
0.37 
0.82 
0.46 
0.39 
0.39 
0.42 
0.46 
0.55 
0.42 
0.49 
0.49 
0.94 
0.49 
0.49 
0.72 
0.60 
0.49 
0.49 
0.39 
0.37 
0.37 
0.39 
0.42 
0.42 
