0.70 
1.03 
0.74 
0.74 
1.05 
0.98 
0.99 
0.94 
0.76 
0.75 
0.96 
1.04 
0.74 
0.75 
0.59 
0.73 
0.78 
0.95 
1.02 
0.97 
1.05 
0.99 
5.54 
5.86 
5.28 
6.37 
5.43 
3.36 
5.41 
3.04 
4.67 
2.26 
1.89 
2.59 
5.69 
3.26 
3.25 
3.57 
2.85 
3.99 
3.08 
5.03 
3.26 
3.57 
5.24 
5.31 
3.87 
3.52 
3.72 
3.84 
4.51 
5.25 
3.51 
3.56 
5.97 
3.52 
3.94 
4.51 
3.39 
4.28 
2.97 
3.32 
6.66 
5.28 
3.23 
3.72 
3.44 
5.84 
4.99 
3.72 
6.40 
5.26 
3.74 
2.98 
3.44 
4.59 
3.06 
3.57 
5.05 
4.33 
3.01 
2.90 
3.03 
2.82 
3.23 
2.86 
2.42 
1.75 
0.88 
0.85 
0.42 
0.75 
0.96 
0.90 
0.95 
0.90 
