0.38 
0.38 
0.42 
0.45 
0.45 
0.38 
0.38 
0.38 
0.42 
0.38 
0.34 
0.34 
0.42 
0.45 
0.34 
0.38 
0.34 
0.34 
0.38 
0.34 
0.34 
0.34 
0.38 
0.34 
3.84 
3.81 
3.52 
0.45 
0.93 
1.79 
2.08 
0.45 
0.34 
0.45 
0.38 
2.11 
0.34 
0.45 
0.76 
0.34 
0.69 
2.80 
0.55 
0.52 
0.38 
0.38 
0.45 
0.49 
0.31 
0.24 
0.31 
0.34 
0.55 
0.69 
0.45 
0.34 
0.31 
0.24 
0.28 
0.97 
0.38 
0.34 
0.34 
0.42 
0.42 
0.34 
0.31 
0.42 
0.34 
0.38 
0.42 
3.32 
0.42 
0.93 
0.52 
0.45 
0.45 
0.49 
0.52 
0.63 
0.49 
0.55 
0.55 
1.07 
0.55 
0.55 
0.83 
0.69 
0.55 
0.55 
0.45 
0.42 
0.42 
0.45 
0.49 
0.49 
