0.20 
0.20 
0.22 
0.23 
0.23 
0.20 
0.20 
0.20 
0.22 
0.20 
0.17 
0.17 
0.22 
0.23 
0.17 
0.20 
0.17 
0.17 
0.20 
0.17 
0.17 
0.17 
0.20 
0.17 
1.95 
1.94 
1.80 
0.23 
0.47 
0.92 
1.05 
0.23 
0.17 
0.23 
0.20 
1.07 
0.17 
0.23 
0.39 
0.17 
0.35 
1.42 
0.28 
0.26 
0.20 
0.20 
0.23 
0.25 
0.15 
0.12 
0.15 
0.17 
0.28 
0.35 
0.23 
0.17 
0.15 
0.12 
0.14 
0.49 
0.20 
0.17 
0.17 
0.22 
0.22 
0.17 
0.15 
0.22 
0.17 
0.20 
0.22 
1.69 
0.22 
0.47 
0.26 
0.23 
0.23 
0.25 
0.26 
0.31 
0.25 
0.28 
0.28 
0.54 
0.28 
0.28 
0.42 
0.35 
0.28 
0.28 
0.23 
0.22 
0.22 
0.23 
0.25 
0.25 
