0.19 
0.19 
0.21 
0.22 
0.22 
0.19 
0.19 
0.19 
0.21 
0.19 
0.17 
0.17 
0.21 
0.22 
0.17 
0.19 
0.17 
0.17 
0.19 
0.17 
0.17 
0.17 
0.19 
0.17 
1.90 
1.89 
1.75 
0.22 
0.46 
0.90 
1.02 
0.22 
0.17 
0.22 
0.19 
1.04 
0.17 
0.22 
0.38 
0.17 
0.34 
1.38 
0.27 
0.25 
0.19 
0.19 
0.22 
0.24 
0.15 
0.12 
0.15 
0.17 
0.27 
0.34 
0.22 
0.17 
0.15 
0.12 
0.14 
0.48 
0.19 
0.17 
0.17 
0.21 
0.21 
0.17 
0.15 
0.21 
0.17 
0.19 
0.21 
1.65 
0.21 
0.46 
0.25 
0.22 
0.22 
0.24 
0.25 
0.30 
0.24 
0.27 
0.27 
0.53 
0.27 
0.27 
0.41 
0.34 
0.27 
0.27 
0.22 
0.21 
0.21 
0.22 
0.24 
0.24 
