0.22 
0.22 
0.25 
0.26 
0.26 
0.22 
0.22 
0.22 
0.25 
0.22 
0.20 
0.20 
0.25 
0.26 
0.20 
0.22 
0.20 
0.20 
0.22 
0.20 
0.20 
0.20 
0.22 
0.20 
2.24 
2.22 
2.06 
0.26 
0.54 
1.05 
1.21 
0.26 
0.20 
0.26 
0.22 
1.23 
0.20 
0.26 
0.45 
0.20 
0.40 
1.63 
0.32 
0.30 
0.22 
0.22 
0.26 
0.28 
0.18 
0.14 
0.18 
0.20 
0.32 
0.40 
0.26 
0.20 
0.18 
0.14 
0.16 
0.56 
0.22 
0.20 
0.20 
0.25 
0.25 
0.20 
0.18 
0.25 
0.20 
0.22 
0.25 
1.94 
0.25 
0.54 
0.30 
0.26 
0.26 
0.28 
0.30 
0.36 
0.28 
0.32 
0.32 
0.62 
0.32 
0.32 
0.48 
0.40 
0.32 
0.32 
0.26 
0.25 
0.25 
0.26 
0.28 
0.28 
