0.27 
0.27 
0.30 
0.32 
0.32 
0.27 
0.27 
0.27 
0.30 
0.27 
0.25 
0.25 
0.30 
0.32 
0.25 
0.27 
0.25 
0.25 
0.27 
0.25 
0.25 
0.25 
0.27 
0.25 
2.76 
2.73 
2.53 
0.32 
0.67 
1.29 
1.49 
0.32 
0.25 
0.32 
0.27 
1.52 
0.25 
0.32 
0.55 
0.25 
0.49 
2.01 
0.39 
0.37 
0.27 
0.27 
0.32 
0.35 
0.22 
0.17 
0.22 
0.25 
0.39 
0.49 
0.32 
0.25 
0.22 
0.17 
0.20 
0.70 
0.27 
0.25 
0.25 
0.30 
0.30 
0.25 
0.22 
0.30 
0.25 
0.27 
0.30 
2.39 
0.30 
0.67 
0.37 
0.32 
0.32 
0.35 
0.37 
0.45 
0.35 
0.39 
0.39 
0.77 
0.39 
0.39 
0.59 
0.49 
0.39 
0.39 
0.32 
0.30 
0.30 
0.32 
0.35 
0.35 
