0.30 
0.30 
0.33 
0.35 
0.35 
0.30 
0.30 
0.30 
0.33 
0.30 
0.27 
0.27 
0.33 
0.35 
0.27 
0.30 
0.27 
0.27 
0.30 
0.27 
0.27 
0.27 
0.30 
0.27 
3.02 
2.99 
2.77 
0.35 
0.73 
1.41 
1.63 
0.35 
0.27 
0.35 
0.30 
1.66 
0.27 
0.35 
0.60 
0.27 
0.54 
2.20 
0.43 
0.41 
0.30 
0.30 
0.35 
0.38 
0.24 
0.19 
0.24 
0.27 
0.43 
0.54 
0.35 
0.27 
0.24 
0.19 
0.22 
0.76 
0.30 
0.27 
0.27 
0.33 
0.33 
0.27 
0.24 
0.33 
0.27 
0.30 
0.33 
2.61 
0.33 
0.73 
0.41 
0.35 
0.35 
0.38 
0.41 
0.49 
0.38 
0.43 
0.43 
0.84 
0.43 
0.43 
0.65 
0.54 
0.43 
0.43 
0.35 
0.33 
0.33 
0.35 
0.38 
0.38 
