0.21 
0.21 
0.24 
0.25 
0.25 
0.21 
0.21 
0.21 
0.24 
0.21 
0.19 
0.19 
0.24 
0.25 
0.19 
0.21 
0.19 
0.19 
0.21 
0.19 
0.19 
0.19 
0.21 
0.19 
2.14 
2.12 
1.97 
0.25 
0.52 
1.00 
1.15 
0.25 
0.19 
0.25 
0.21 
1.17 
0.19 
0.25 
0.43 
0.19 
0.38 
1.56 
0.31 
0.29 
0.21 
0.21 
0.25 
0.27 
0.17 
0.13 
0.17 
0.19 
0.31 
0.38 
0.25 
0.19 
0.17 
0.13 
0.15 
0.53 
0.21 
0.19 
0.19 
0.24 
0.24 
0.19 
0.17 
0.24 
0.19 
0.21 
0.24 
1.85 
0.24 
0.52 
0.29 
0.25 
0.25 
0.27 
0.29 
0.34 
0.27 
0.31 
0.31 
0.59 
0.31 
0.31 
0.46 
0.38 
0.31 
0.31 
0.25 
0.24 
0.24 
0.25 
0.27 
0.27 
