0.40 
0.40 
0.45 
0.48 
0.48 
0.40 
0.40 
0.40 
0.45 
0.40 
0.36 
0.36 
0.45 
0.48 
0.36 
0.40 
0.36 
0.36 
0.40 
0.36 
0.36 
0.36 
0.40 
0.36 
4.08 
4.05 
3.74 
0.48 
0.99 
1.90 
2.21 
0.48 
0.36 
0.48 
0.40 
2.24 
0.36 
0.48 
0.81 
0.36 
0.73 
2.98 
0.58 
0.55 
0.40 
0.40 
0.48 
0.52 
0.33 
0.26 
0.33 
0.36 
0.58 
0.73 
0.48 
0.36 
0.33 
0.26 
0.30 
1.03 
0.40 
0.36 
0.36 
0.45 
0.45 
0.36 
0.33 
0.45 
0.36 
0.40 
0.45 
3.53 
0.45 
0.99 
0.55 
0.48 
0.48 
0.52 
0.55 
0.67 
0.52 
0.58 
0.58 
1.14 
0.58 
0.58 
0.88 
0.73 
0.58 
0.58 
0.48 
0.45 
0.45 
0.48 
0.52 
0.52 
