2.53 
3.73 
2.66 
2.66 
3.83 
3.57 
3.60 
3.39 
2.79 
2.76 
3.52 
3.76 
2.66 
2.76 
2.14 
2.63 
2.84 
3.47 
3.70 
3.55 
3.83 
3.60 
20.08 
21.26 
19.17 
23.14 
19.72 
12.18 
19.64 
11.01 
16.95 
8.19 
6.86 
9.39 
20.66 
11.79 
11.76 
12.96 
10.30 
14.50 
11.19 
18.26 
11.84 
12.96 
19.01 
19.28 
14.06 
12.78 
13.51 
13.93 
16.35 
19.04 
12.75 
12.91 
21.65 
12.78 
14.29 
16.35 
12.31 
15.55 
10.80 
12.05 
24.15 
19.17 
11.71 
13.51 
12.47 
21.21 
18.13 
13.51 
23.21 
19.07 
13.56 
10.82 
12.47 
16.67 
11.09 
12.96 
18.31 
15.70 
10.93 
10.54 
10.98 
10.22 
11.71 
10.35 
8.76 
6.34 
3.21 
3.10 
1.51 
2.71 
3.52 
3.26 
3.42 
3.26 
