3.14 
4.64 
3.31 
3.31 
4.77 
4.44 
4.48 
4.22 
3.48 
3.43 
4.38 
4.67 
3.31 
3.43 
2.66 
3.27 
3.53 
4.32 
4.60 
4.41 
4.77 
4.48 
24.98 
26.45 
23.84 
28.79 
24.53 
15.15 
24.43 
13.70 
21.09 
10.19 
8.53 
11.68 
25.70 
14.66 
14.62 
16.12 
12.81 
18.04 
13.92 
22.71 
14.73 
16.12 
23.65 
23.98 
17.49 
15.89 
16.81 
17.33 
20.34 
23.69 
15.86 
16.06 
26.94 
15.89 
17.78 
20.34 
15.31 
19.34 
13.44 
14.99 
30.04 
23.84 
14.56 
16.81 
15.51 
26.38 
22.55 
16.81 
28.87 
23.72 
16.87 
13.46 
15.51 
20.73 
13.79 
16.12 
22.77 
19.53 
13.59 
13.11 
13.66 
12.71 
14.56 
12.87 
10.90 
7.89 
4.00 
3.85 
1.87 
3.37 
4.38 
4.06 
4.26 
4.06 
