132.98 
132.53 
130.43 
129.98 
131.67 
129.23 
104.13 
64.43 
41.09 
43.17 
41.26 
54.56 
130.03 
148.92 
162.71 
165.14 
152.90 
140.34 
78.21 
51.76 
65.34 
96.23 
133.71 
137.88 
140.11 
139.88 
137.40 
135.03 
132.65 
131.18 
112.31 
75.05 
75.64 
105.82 
133.90 
139.82 
145.00 
146.64 
107.55 
68.23 
49.13 
50.93 
48.84 
48.22 
46.26 
40.19 
34.96 
34.71 
33.42 
40.87 
104.56 
127.53 
143.38 
147.02 
120.15 
83.34 
71.69 
93.71 
123.49 
129.15 
131.85 
133.11 
134.54 
133.60 
135.03 
136.30 
134.13 
127.99 
62.49 
42.99 
37.72 
33.31 
29.61 
29.77 
29.54 
30.67 
38.58 
40.68 
42.11 
42.84 
96.87 
123.88 
142.53 
142.46 
140.27 
137.97 
90.90 
58.12 
70.98 
100.30 
137.41 
144.41 
145.88 
144.90 
139.66 
136.23 
