97.68 
97.35 
95.81 
95.48 
96.72 
94.93 
76.49 
47.33 
30.18 
31.71 
30.31 
40.08 
95.52 
109.39 
119.52 
121.31 
112.32 
103.09 
57.45 
38.02 
48.00 
70.69 
98.22 
101.28 
102.92 
102.75 
100.93 
99.19 
97.44 
96.36 
82.50 
55.13 
55.56 
77.73 
98.36 
102.71 
106.51 
107.72 
79.00 
50.12 
36.09 
37.41 
35.88 
35.42 
33.98 
29.52 
25.68 
25.50 
24.55 
30.02 
76.81 
93.68 
105.32 
108.00 
88.26 
61.22 
52.66 
68.84 
90.71 
94.87 
96.85 
97.78 
98.83 
98.14 
99.19 
100.12 
98.53 
94.02 
45.90 
31.58 
27.71 
24.47 
21.75 
21.87 
21.70 
22.53 
28.34 
29.88 
30.93 
31.47 
71.16 
91.00 
104.70 
104.65 
103.04 
101.35 
66.77 
42.69 
52.14 
73.68 
100.94 
106.08 
107.16 
106.44 
102.59 
100.07 
