5.99 
5.97 
5.88 
5.86 
5.94 
5.82 
4.69 
2.90 
1.85 
1.94 
1.87 
2.47 
5.86 
6.73 
7.35 
7.46 
6.90 
6.33 
3.52 
2.34 
2.94 
4.33 
6.03 
6.22 
6.33 
6.31 
6.20 
6.09 
5.99 
5.92 
5.07 
3.39 
3.41 
4.77 
6.05 
6.31 
6.54 
6.61 
4.86 
3.07 
2.22 
2.30 
2.20 
2.17 
2.09 
1.81 
1.58 
1.56 
1.51 
1.85 
4.71 
5.75 
6.46 
6.63 
5.43 
3.77 
3.24 
4.22 
5.58 
5.82 
5.95 
6.01 
6.07 
6.03 
6.09 
6.14 
6.05 
5.78 
2.83 
1.94 
1.70 
1.51 
1.34 
1.34 
1.34 
1.38 
1.73 
1.83 
1.90 
1.94 
4.37 
5.60 
6.43 
6.43 
6.33 
6.22 
4.11 
2.62 
3.20 
4.52 
6.20 
6.52 
6.58 
6.54 
6.29 
6.14 
