83.76 
83.48 
82.16 
81.88 
82.94 
81.40 
65.59 
40.59 
25.88 
27.19 
25.99 
34.37 
81.91 
93.80 
102.49 
104.03 
96.32 
88.40 
49.26 
32.60 
41.16 
60.62 
84.23 
86.85 
88.26 
88.11 
86.55 
85.06 
83.56 
82.63 
70.74 
47.27 
47.64 
66.65 
84.35 
88.08 
91.33 
92.37 
67.74 
42.98 
30.95 
32.08 
30.77 
30.37 
29.14 
25.31 
22.02 
21.87 
21.05 
25.74 
65.87 
80.33 
90.31 
92.61 
75.68 
52.50 
45.16 
59.03 
77.79 
81.35 
83.05 
83.85 
84.75 
84.16 
85.06 
85.85 
84.49 
80.62 
39.36 
27.08 
23.76 
20.98 
18.65 
18.75 
18.61 
19.32 
24.30 
25.62 
26.52 
26.99 
61.02 
78.03 
89.78 
89.74 
88.36 
86.91 
57.26 
36.61 
44.71 
63.18 
86.56 
90.97 
91.89 
91.27 
87.97 
85.81 
