24.96 
24.87 
24.50 
24.42 
24.75 
24.25 
19.54 
12.08 
7.71 
8.08 
7.79 
10.29 
24.42 
28.04 
30.62 
31.08 
28.75 
26.37 
14.67 
9.75 
12.25 
18.04 
25.12 
25.92 
26.37 
26.29 
25.83 
25.37 
24.96 
24.67 
21.12 
14.12 
14.21 
19.87 
25.21 
26.29 
27.25 
27.54 
20.25 
12.79 
9.25 
9.58 
9.17 
9.04 
8.71 
7.54 
6.58 
6.50 
6.29 
7.71 
19.62 
23.96 
26.92 
27.62 
22.62 
15.71 
13.50 
17.58 
23.25 
24.25 
24.79 
25.04 
25.29 
25.12 
25.37 
25.58 
25.21 
24.08 
11.79 
8.08 
7.08 
6.29 
5.58 
5.58 
5.58 
5.75 
7.21 
7.62 
7.92 
8.08 
18.21 
23.33 
26.79 
26.79 
26.37 
25.92 
17.12 
10.92 
13.33 
18.83 
25.83 
27.17 
27.42 
27.25 
26.21 
25.58 
