0.02 
0.03 
0.02 
0.03 
0.02 
0.02 
0.03 
0.03 
0.02 
0.03 
0.03 
0.02 
0.05 
0.06 
0.03 
0.03 
0.03 
0.05 
0.06 
0.07 
0.06 
0.03 
0.10 
0.12 
0.15 
0.20 
0.13 
0.08 
0.08 
0.06 
0.07 
0.08 
0.06 
0.07 
0.12 
0.13 
0.12 
0.12 
0.12 
0.10 
0.12 
0.15 
0.13 
0.17 
0.19 
0.16 
0.20 
0.17 
0.08 
0.08 
0.15 
0.13 
0.12 
0.15 
0.15 
0.15 
0.08 
0.12 
0.16 
0.10 
0.07 
0.07 
0.06 
0.13 
0.17 
0.13 
0.13 
0.13 
0.18 
0.16 
0.15 
0.13 
0.18 
0.18 
0.18 
0.13 
0.12 
0.12 
0.12 
0.12 
0.08 
0.10 
0.07 
0.07 
0.07 
0.06 
0.08 
0.08 
0.03 
0.03 
0.02 
0.03 
0.02 
0.03 
0.03 
0.03 
