0.72 
0.50 
0.60 
0.68 
0.61 
0.64 
0.75 
0.69 
0.68 
0.65 
0.57 
0.57 
0.66 
0.67 
0.65 
0.63 
0.68 
0.43 
0.61 
0.47 
0.42 
0.64 
0.64 
0.92 
0.79 
0.90 
0.91 
1.07 
1.02 
0.65 
0.82 
0.77 
0.69 
0.87 
0.90 
0.74 
0.79 
0.65 
1.44 
1.85 
1.66 
1.67 
1.58 
1.66 
1.36 
1.82 
1.62 
1.40 
1.65 
1.61 
1.50 
1.61 
1.59 
1.68 
1.80 
1.59 
1.66 
1.61 
1.75 
1.53 
1.39 
1.75 
1.50 
1.95 
1.75 
1.42 
1.73 
1.67 
1.51 
1.52 
1.61 
1.24 
1.21 
1.25 
0.85 
1.01 
1.04 
0.74 
0.94 
0.83 
0.51 
0.72 
0.61 
0.74 
0.68 
0.68 
0.73 
0.72 
0.91 
0.59 
0.88 
0.45 
0.64 
0.49 
0.58 
0.53 
