0.24 
0.33 
0.27 
0.29 
0.23 
0.27 
0.37 
0.33 
0.24 
0.39 
0.37 
0.27 
0.45 
0.60 
0.36 
0.39 
0.36 
0.47 
0.51 
0.77 
0.49 
0.38 
0.84 
1.03 
1.30 
1.83 
1.17 
0.83 
0.82 
0.57 
0.62 
0.83 
0.60 
0.62 
1.05 
1.19 
0.96 
1.07 
1.05 
0.94 
1.03 
1.30 
1.18 
1.46 
1.70 
1.45 
1.79 
1.49 
0.82 
0.80 
1.30 
1.22 
1.07 
1.33 
1.23 
1.23 
0.81 
0.99 
1.38 
0.89 
0.62 
0.69 
0.52 
1.08 
1.49 
1.19 
1.09 
1.22 
1.58 
1.43 
1.23 
1.18 
1.56 
1.55 
1.59 
1.17 
0.96 
1.03 
0.99 
1.05 
0.83 
0.84 
0.77 
0.72 
0.71 
0.57 
0.83 
0.81 
0.33 
0.29 
0.25 
0.36 
0.25 
0.37 
0.37 
0.37 
