1.96 
1.36 
1.63 
1.87 
1.66 
1.74 
2.03 
1.88 
1.87 
1.75 
1.55 
1.55 
1.80 
1.84 
1.75 
1.71 
1.87 
1.17 
1.66 
1.28 
1.15 
1.74 
1.74 
2.49 
2.15 
2.45 
2.47 
2.91 
2.77 
1.75 
2.24 
2.09 
1.88 
2.38 
2.45 
2.01 
2.15 
1.75 
3.92 
5.05 
4.54 
4.56 
4.31 
4.52 
3.70 
4.98 
4.40 
3.83 
4.48 
4.38 
4.08 
4.38 
4.33 
4.59 
4.90 
4.33 
4.54 
4.38 
4.77 
4.18 
3.79 
4.77 
4.08 
5.31 
4.77 
3.87 
4.70 
4.56 
4.10 
4.13 
4.38 
3.39 
3.30 
3.41 
2.32 
2.76 
2.84 
2.01 
2.56 
2.26 
1.38 
1.96 
1.66 
2.01 
1.87 
1.87 
1.99 
1.96 
2.47 
1.61 
2.39 
1.23 
1.74 
1.32 
1.59 
1.45 
