0.18 
0.25 
0.21 
0.23 
0.17 
0.21 
0.29 
0.25 
0.18 
0.31 
0.29 
0.21 
0.35 
0.46 
0.28 
0.31 
0.28 
0.37 
0.39 
0.59 
0.38 
0.30 
0.66 
0.80 
1.00 
1.41 
0.90 
0.64 
0.63 
0.44 
0.48 
0.64 
0.46 
0.48 
0.81 
0.92 
0.74 
0.82 
0.81 
0.73 
0.80 
1.00 
0.91 
1.13 
1.31 
1.12 
1.38 
1.15 
0.63 
0.61 
1.00 
0.94 
0.82 
1.02 
0.95 
0.95 
0.62 
0.77 
1.07 
0.69 
0.48 
0.52 
0.40 
0.83 
1.15 
0.92 
0.84 
0.94 
1.22 
1.11 
0.95 
0.91 
1.21 
1.20 
1.23 
0.90 
0.74 
0.80 
0.77 
0.81 
0.64 
0.66 
0.59 
0.55 
0.54 
0.44 
0.64 
0.62 
0.25 
0.23 
0.19 
0.28 
0.19 
0.29 
0.29 
0.29 
