3.06 
2.12 
2.53 
2.90 
2.61 
2.71 
3.17 
2.92 
2.90 
2.75 
2.41 
2.41 
2.81 
2.85 
2.75 
2.67 
2.90 
1.82 
2.61 
1.99 
1.80 
2.71 
2.71 
3.88 
3.35 
3.82 
3.86 
4.55 
4.33 
2.75 
3.51 
3.25 
2.92 
3.71 
3.82 
3.13 
3.35 
2.75 
6.12 
7.89 
7.09 
7.11 
6.71 
7.05 
5.77 
7.77 
6.86 
5.98 
6.99 
6.84 
6.37 
6.84 
6.74 
7.16 
7.64 
6.74 
7.09 
6.84 
7.44 
6.51 
5.93 
7.44 
6.37 
8.28 
7.44 
6.03 
7.34 
7.11 
6.40 
6.44 
6.84 
5.29 
5.15 
5.31 
3.61 
4.30 
4.42 
3.13 
4.01 
3.53 
2.14 
3.06 
2.61 
3.13 
2.90 
2.90 
3.11 
3.06 
3.86 
2.50 
3.73 
1.92 
2.71 
2.06 
2.48 
2.27 
