1.61 
1.12 
1.35 
1.53 
1.38 
1.44 
1.68 
1.54 
1.53 
1.45 
1.27 
1.27 
1.48 
1.51 
1.45 
1.41 
1.53 
0.96 
1.38 
1.06 
0.94 
1.44 
1.44 
2.05 
1.77 
2.02 
2.04 
2.40 
2.29 
1.45 
1.84 
1.72 
1.54 
1.96 
2.02 
1.66 
1.77 
1.45 
3.23 
4.17 
3.74 
3.76 
3.55 
3.73 
3.05 
4.10 
3.63 
3.16 
3.70 
3.62 
3.37 
3.62 
3.57 
3.79 
4.04 
3.57 
3.74 
3.62 
3.93 
3.44 
3.13 
3.93 
3.37 
4.37 
3.93 
3.19 
3.89 
3.76 
3.38 
3.41 
3.62 
2.80 
2.72 
2.81 
1.91 
2.27 
2.34 
1.66 
2.11 
1.87 
1.14 
1.61 
1.38 
1.66 
1.53 
1.53 
1.64 
1.61 
2.04 
1.33 
1.97 
1.02 
1.44 
1.09 
1.31 
1.20 
