0.15 
0.21 
0.19 
0.20 
0.14 
0.19 
0.24 
0.21 
0.15 
0.26 
0.24 
0.19 
0.29 
0.38 
0.23 
0.26 
0.23 
0.31 
0.33 
0.49 
0.32 
0.25 
0.55 
0.66 
0.83 
1.18 
0.75 
0.53 
0.52 
0.36 
0.40 
0.53 
0.38 
0.40 
0.67 
0.77 
0.62 
0.68 
0.67 
0.61 
0.66 
0.83 
0.76 
0.94 
1.09 
0.93 
1.15 
0.96 
0.52 
0.50 
0.83 
0.78 
0.68 
0.85 
0.79 
0.79 
0.51 
0.64 
0.89 
0.58 
0.40 
0.43 
0.34 
0.69 
0.96 
0.77 
0.70 
0.78 
1.02 
0.92 
0.79 
0.76 
1.01 
1.00 
1.03 
0.75 
0.62 
0.66 
0.64 
0.67 
0.53 
0.55 
0.49 
0.46 
0.45 
0.36 
0.53 
0.51 
0.21 
0.20 
0.16 
0.23 
0.16 
0.24 
0.24 
0.24 
