2.46 
1.71 
2.05 
2.34 
2.09 
2.19 
2.55 
2.36 
2.34 
2.21 
1.95 
1.95 
2.26 
2.31 
2.21 
2.14 
2.34 
1.47 
2.09 
1.61 
1.44 
2.19 
2.19 
3.13 
2.70 
3.09 
3.11 
3.67 
3.49 
2.21 
2.82 
2.63 
2.36 
2.99 
3.09 
2.53 
2.70 
2.21 
4.93 
6.36 
5.71 
5.73 
5.42 
5.68 
4.65 
6.26 
5.54 
4.81 
5.63 
5.51 
5.13 
5.51 
5.44 
5.78 
6.16 
5.44 
5.71 
5.51 
6.00 
5.25 
4.77 
6.00 
5.13 
6.67 
6.00 
4.87 
5.92 
5.73 
5.15 
5.20 
5.51 
4.27 
4.15 
4.29 
2.91 
3.47 
3.57 
2.53 
3.23 
2.84 
1.73 
2.46 
2.09 
2.53 
2.34 
2.34 
2.51 
2.46 
3.11 
2.02 
3.01 
1.54 
2.19 
1.66 
2.00 
1.83 
