55.49 
38.24 
46.16 
52.64 
46.84 
49.06 
57.71 
53.33 
52.64 
49.85 
43.99 
43.99 
51.22 
51.91 
49.85 
48.27 
52.64 
33.18 
46.84 
36.08 
32.44 
49.06 
49.06 
70.68 
60.56 
69.31 
69.89 
82.24 
78.65 
49.85 
63.46 
59.18 
53.33 
67.04 
69.31 
56.92 
60.56 
49.85 
111.04 
142.79 
128.44 
129.08 
121.96 
127.65 
104.55 
140.63 
124.80 
108.19 
126.91 
124.01 
115.31 
124.01 
122.59 
129.87 
138.41 
122.59 
128.44 
124.01 
134.93 
118.32 
107.45 
134.93 
115.31 
149.97 
134.93 
109.61 
133.35 
129.08 
116.10 
116.89 
124.01 
95.85 
93.05 
96.64 
65.62 
77.86 
80.02 
56.92 
72.79 
64.25 
38.93 
55.49 
46.84 
56.92 
52.64 
52.64 
56.28 
55.49 
69.89 
45.42 
67.84 
34.66 
49.06 
37.50 
44.78 
41.14 
