1.21 
0.84 
1.00 
1.14 
1.02 
1.08 
1.26 
1.17 
1.14 
1.09 
0.96 
0.96 
1.11 
1.13 
1.09 
1.06 
1.14 
0.72 
1.02 
0.80 
0.71 
1.08 
1.08 
1.53 
1.32 
1.51 
1.52 
1.81 
1.72 
1.09 
1.39 
1.29 
1.17 
1.47 
1.51 
1.25 
1.32 
1.09 
2.43 
3.14 
2.80 
2.81 
2.67 
2.79 
2.29 
3.08 
2.72 
2.37 
2.77 
2.71 
2.51 
2.71 
2.68 
2.85 
3.03 
2.68 
2.80 
2.71 
2.95 
2.59 
2.34 
2.95 
2.51 
3.28 
2.95 
2.39 
2.91 
2.81 
2.52 
2.57 
2.71 
2.10 
2.04 
2.11 
1.44 
1.71 
1.75 
1.25 
1.58 
1.40 
0.86 
1.21 
1.02 
1.25 
1.14 
1.14 
1.24 
1.21 
1.52 
0.99 
1.48 
0.77 
1.08 
0.82 
0.98 
0.90 
