5.44 
3.75 
4.52 
5.16 
4.59 
4.80 
5.65 
5.22 
5.16 
4.88 
4.31 
4.31 
5.02 
5.08 
4.88 
4.73 
5.16 
3.25 
4.59 
3.53 
3.18 
4.80 
4.80 
6.92 
5.93 
6.78 
6.85 
8.05 
7.70 
4.88 
6.21 
5.79 
5.22 
6.57 
6.78 
5.58 
5.93 
4.88 
10.87 
13.99 
12.58 
12.64 
11.94 
12.50 
10.24 
13.77 
12.22 
10.59 
12.42 
12.14 
11.29 
12.14 
12.00 
12.72 
13.55 
12.00 
12.58 
12.14 
13.21 
11.58 
10.52 
13.21 
11.29 
14.68 
13.21 
10.73 
13.06 
12.64 
11.37 
11.44 
12.14 
9.39 
9.11 
9.46 
6.43 
7.62 
7.84 
5.58 
7.13 
6.29 
3.81 
5.44 
4.59 
5.58 
5.16 
5.16 
5.51 
5.44 
6.85 
4.45 
6.64 
3.39 
4.80 
3.67 
4.38 
4.03 
