0.13 
0.19 
0.17 
0.18 
0.12 
0.17 
0.21 
0.19 
0.13 
0.23 
0.21 
0.17 
0.26 
0.34 
0.20 
0.23 
0.20 
0.27 
0.29 
0.43 
0.28 
0.22 
0.48 
0.58 
0.73 
1.04 
0.66 
0.47 
0.46 
0.32 
0.35 
0.47 
0.34 
0.35 
0.59 
0.68 
0.55 
0.60 
0.59 
0.54 
0.58 
0.73 
0.67 
0.83 
0.96 
0.82 
1.02 
0.85 
0.46 
0.44 
0.73 
0.69 
0.60 
0.75 
0.70 
0.70 
0.45 
0.57 
0.79 
0.51 
0.35 
0.38 
0.30 
0.61 
0.85 
0.68 
0.62 
0.69 
0.90 
0.81 
0.70 
0.67 
0.89 
0.88 
0.91 
0.66 
0.55 
0.58 
0.57 
0.59 
0.47 
0.49 
0.43 
0.41 
0.40 
0.32 
0.47 
0.45 
0.19 
0.18 
0.14 
0.20 
0.14 
0.21 
0.21 
0.21 
