1.86 
1.29 
1.55 
1.78 
1.58 
1.65 
1.93 
1.79 
1.78 
1.66 
1.47 
1.47 
1.71 
1.75 
1.66 
1.62 
1.78 
1.11 
1.58 
1.22 
1.09 
1.65 
1.65 
2.37 
2.04 
2.33 
2.35 
2.76 
2.63 
1.66 
2.13 
1.99 
1.79 
2.26 
2.33 
1.91 
2.04 
1.66 
3.72 
4.80 
4.31 
4.33 
4.09 
4.29 
3.51 
4.73 
4.18 
3.64 
4.26 
4.16 
3.88 
4.16 
4.11 
4.36 
4.65 
4.11 
4.31 
4.16 
4.53 
3.97 
3.60 
4.53 
3.88 
5.04 
4.53 
3.68 
4.46 
4.33 
3.89 
3.92 
4.16 
3.22 
3.13 
3.24 
2.20 
2.62 
2.70 
1.91 
2.43 
2.15 
1.31 
1.86 
1.58 
1.91 
1.78 
1.78 
1.89 
1.86 
2.35 
1.53 
2.27 
1.17 
1.65 
1.25 
1.51 
1.38 
