0.12 
0.15 
0.13 
0.14 
0.11 
0.13 
0.17 
0.15 
0.12 
0.19 
0.17 
0.13 
0.21 
0.28 
0.16 
0.19 
0.16 
0.22 
0.24 
0.35 
0.23 
0.18 
0.39 
0.48 
0.59 
0.85 
0.55 
0.38 
0.37 
0.27 
0.29 
0.38 
0.28 
0.29 
0.49 
0.57 
0.45 
0.50 
0.49 
0.44 
0.48 
0.59 
0.56 
0.68 
0.79 
0.67 
0.83 
0.70 
0.37 
0.36 
0.59 
0.57 
0.50 
0.61 
0.58 
0.58 
0.36 
0.47 
0.65 
0.42 
0.29 
0.32 
0.25 
0.51 
0.70 
0.57 
0.51 
0.57 
0.75 
0.66 
0.58 
0.56 
0.74 
0.73 
0.75 
0.55 
0.45 
0.48 
0.47 
0.49 
0.38 
0.40 
0.35 
0.34 
0.34 
0.27 
0.38 
0.36 
0.15 
0.14 
0.12 
0.16 
0.12 
0.17 
0.17 
0.17 
