0.77 
0.53 
0.64 
0.73 
0.65 
0.68 
0.80 
0.74 
0.73 
0.69 
0.61 
0.61 
0.71 
0.72 
0.69 
0.67 
0.73 
0.46 
0.65 
0.50 
0.45 
0.68 
0.68 
0.98 
0.84 
0.96 
0.97 
1.14 
1.09 
0.69 
0.88 
0.82 
0.74 
0.93 
0.96 
0.79 
0.84 
0.69 
1.54 
1.98 
1.78 
1.79 
1.69 
1.77 
1.45 
1.95 
1.73 
1.50 
1.76 
1.72 
1.60 
1.72 
1.70 
1.80 
1.92 
1.70 
1.78 
1.72 
1.87 
1.64 
1.49 
1.87 
1.60 
2.08 
1.87 
1.52 
1.85 
1.79 
1.61 
1.62 
1.72 
1.33 
1.29 
1.34 
0.91 
1.08 
1.11 
0.79 
1.01 
0.89 
0.54 
0.77 
0.65 
0.79 
0.73 
0.73 
0.78 
0.77 
0.97 
0.63 
0.94 
0.48 
0.68 
0.52 
0.62 
0.57 
