1.33 
0.92 
1.11 
1.27 
1.13 
1.19 
1.38 
1.27 
1.27 
1.19 
1.05 
1.05 
1.22 
1.25 
1.19 
1.16 
1.27 
0.80 
1.13 
0.87 
0.78 
1.19 
1.19 
1.69 
1.46 
1.66 
1.68 
1.98 
1.88 
1.19 
1.52 
1.42 
1.27 
1.61 
1.66 
1.36 
1.46 
1.19 
2.66 
3.43 
3.09 
3.10 
2.93 
3.08 
2.51 
3.38 
2.99 
2.60 
3.05 
2.98 
2.78 
2.98 
2.94 
3.12 
3.34 
2.94 
3.09 
2.98 
3.24 
2.84 
2.58 
3.24 
2.78 
3.60 
3.24 
2.63 
3.20 
3.10 
2.79 
2.81 
2.98 
2.31 
2.24 
2.32 
1.58 
1.87 
1.93 
1.36 
1.74 
1.54 
0.94 
1.33 
1.13 
1.36 
1.27 
1.27 
1.35 
1.33 
1.68 
1.10 
1.62 
0.84 
1.19 
0.89 
1.08 
0.99 
