2.69 
1.87 
2.24 
2.56 
2.29 
2.39 
2.79 
2.58 
2.56 
2.42 
2.13 
2.13 
2.48 
2.52 
2.42 
2.35 
2.56 
1.60 
2.29 
1.76 
1.58 
2.39 
2.39 
3.42 
2.96 
3.37 
3.40 
4.01 
3.82 
2.42 
3.09 
2.87 
2.58 
3.27 
3.37 
2.76 
2.96 
2.42 
5.40 
6.95 
6.25 
6.27 
5.92 
6.21 
5.09 
6.84 
6.05 
5.27 
6.16 
6.03 
5.61 
6.03 
5.95 
6.32 
6.74 
5.95 
6.25 
6.03 
6.56 
5.74 
5.22 
6.56 
5.61 
7.30 
6.56 
5.32 
6.47 
6.27 
5.64 
5.68 
6.03 
4.67 
4.54 
4.69 
3.18 
3.79 
3.90 
2.76 
3.53 
3.11 
1.89 
2.69 
2.29 
2.76 
2.56 
2.56 
2.74 
2.69 
3.40 
2.21 
3.29 
1.69 
2.39 
1.82 
2.19 
2.00 
