0.03 
0.05 
0.04 
0.05 
0.03 
0.04 
0.06 
0.05 
0.03 
0.06 
0.06 
0.04 
0.07 
0.09 
0.05 
0.06 
0.05 
0.08 
0.08 
0.12 
0.08 
0.06 
0.14 
0.18 
0.22 
0.31 
0.21 
0.14 
0.14 
0.09 
0.10 
0.14 
0.09 
0.10 
0.19 
0.21 
0.17 
0.19 
0.19 
0.15 
0.18 
0.22 
0.21 
0.25 
0.28 
0.24 
0.30 
0.26 
0.14 
0.13 
0.22 
0.21 
0.19 
0.22 
0.21 
0.21 
0.13 
0.18 
0.24 
0.15 
0.10 
0.12 
0.08 
0.20 
0.26 
0.21 
0.20 
0.21 
0.27 
0.24 
0.21 
0.21 
0.26 
0.26 
0.27 
0.21 
0.17 
0.18 
0.18 
0.19 
0.14 
0.14 
0.12 
0.12 
0.12 
0.09 
0.14 
0.13 
0.05 
0.05 
0.04 
0.05 
0.04 
0.06 
0.06 
0.06 
