1.02 
0.71 
0.85 
0.97 
0.87 
0.91 
1.06 
0.98 
0.97 
0.92 
0.81 
0.81 
0.94 
0.96 
0.92 
0.89 
0.97 
0.61 
0.87 
0.67 
0.60 
0.91 
0.91 
1.30 
1.12 
1.28 
1.29 
1.52 
1.45 
0.92 
1.17 
1.09 
0.98 
1.24 
1.28 
1.05 
1.12 
0.92 
2.05 
2.64 
2.37 
2.38 
2.25 
2.36 
1.93 
2.60 
2.30 
2.00 
2.34 
2.29 
2.13 
2.29 
2.26 
2.40 
2.56 
2.26 
2.37 
2.29 
2.49 
2.18 
1.98 
2.49 
2.13 
2.77 
2.49 
2.02 
2.46 
2.38 
2.14 
2.16 
2.29 
1.77 
1.72 
1.78 
1.21 
1.44 
1.48 
1.05 
1.34 
1.18 
0.72 
1.02 
0.87 
1.05 
0.97 
0.97 
1.04 
1.02 
1.29 
0.84 
1.25 
0.64 
0.91 
0.69 
0.83 
0.76 
