1.55 
1.08 
1.30 
1.48 
1.33 
1.39 
1.62 
1.49 
1.48 
1.40 
1.23 
1.23 
1.43 
1.46 
1.40 
1.36 
1.48 
0.93 
1.33 
1.02 
0.91 
1.39 
1.39 
1.98 
1.71 
1.95 
1.97 
2.32 
2.21 
1.40 
1.78 
1.66 
1.49 
1.89 
1.95 
1.60 
1.71 
1.40 
3.12 
4.02 
3.61 
3.63 
3.43 
3.60 
2.94 
3.96 
3.50 
3.05 
3.57 
3.49 
3.25 
3.49 
3.44 
3.66 
3.90 
3.44 
3.61 
3.49 
3.79 
3.32 
3.02 
3.79 
3.25 
4.22 
3.79 
3.08 
3.75 
3.63 
3.26 
3.29 
3.49 
2.70 
2.62 
2.71 
1.84 
2.19 
2.26 
1.60 
2.04 
1.80 
1.10 
1.55 
1.33 
1.60 
1.48 
1.48 
1.58 
1.55 
1.97 
1.28 
1.90 
0.98 
1.39 
1.05 
1.26 
1.16 
