0.06 
0.08 
0.07 
0.08 
0.06 
0.07 
0.10 
0.08 
0.06 
0.10 
0.10 
0.07 
0.12 
0.16 
0.08 
0.10 
0.08 
0.13 
0.14 
0.19 
0.14 
0.10 
0.22 
0.27 
0.34 
0.49 
0.32 
0.21 
0.21 
0.16 
0.18 
0.21 
0.16 
0.18 
0.29 
0.32 
0.26 
0.29 
0.29 
0.24 
0.27 
0.34 
0.32 
0.39 
0.43 
0.37 
0.48 
0.40 
0.21 
0.20 
0.34 
0.32 
0.29 
0.34 
0.33 
0.33 
0.20 
0.27 
0.37 
0.24 
0.18 
0.19 
0.14 
0.30 
0.40 
0.32 
0.30 
0.32 
0.42 
0.37 
0.33 
0.32 
0.41 
0.41 
0.42 
0.32 
0.26 
0.27 
0.27 
0.29 
0.21 
0.22 
0.19 
0.19 
0.19 
0.16 
0.21 
0.20 
0.08 
0.08 
0.07 
0.08 
0.07 
0.10 
0.10 
0.10 
