5.21 
3.59 
4.33 
4.94 
4.39 
4.60 
5.41 
5.00 
4.94 
4.67 
4.13 
4.13 
4.81 
4.86 
4.67 
4.53 
4.94 
3.11 
4.39 
3.38 
3.04 
4.60 
4.60 
6.63 
5.68 
6.49 
6.56 
7.71 
7.37 
4.67 
5.95 
5.54 
5.00 
6.29 
6.49 
5.34 
5.68 
4.67 
10.41 
13.39 
12.04 
12.10 
11.43 
11.97 
9.80 
13.18 
11.70 
10.14 
11.89 
11.62 
10.81 
11.62 
11.49 
12.18 
12.97 
11.49 
12.04 
11.62 
12.65 
11.09 
10.07 
12.65 
10.81 
14.05 
12.65 
10.27 
12.50 
12.10 
10.89 
10.95 
11.62 
8.99 
8.72 
9.06 
6.16 
7.30 
7.51 
5.34 
6.83 
6.02 
3.65 
5.21 
4.39 
5.34 
4.94 
4.94 
5.28 
5.21 
6.56 
4.26 
6.36 
3.25 
4.60 
3.51 
4.19 
3.86 
