0.82 
0.57 
0.69 
0.79 
0.71 
0.74 
0.86 
0.79 
0.79 
0.75 
0.65 
0.65 
0.77 
0.78 
0.75 
0.72 
0.79 
0.49 
0.71 
0.55 
0.49 
0.74 
0.74 
1.05 
0.91 
1.04 
1.04 
1.23 
1.18 
0.75 
0.95 
0.88 
0.79 
1.01 
1.04 
0.85 
0.91 
0.75 
1.66 
2.14 
1.91 
1.92 
1.82 
1.91 
1.56 
2.11 
1.87 
1.62 
1.89 
1.86 
1.72 
1.86 
1.83 
1.94 
2.07 
1.83 
1.91 
1.86 
2.02 
1.76 
1.61 
2.02 
1.72 
2.24 
2.02 
1.63 
1.99 
1.92 
1.73 
1.75 
1.86 
1.44 
1.39 
1.45 
0.98 
1.17 
1.20 
0.85 
1.08 
0.96 
0.58 
0.82 
0.71 
0.85 
0.79 
0.79 
0.84 
0.82 
1.04 
0.68 
1.02 
0.52 
0.74 
0.56 
0.67 
0.62 
