3.18 
3.17 
3.12 
3.11 
3.15 
3.09 
2.49 
1.54 
0.98 
1.03 
0.99 
1.31 
3.11 
3.57 
3.90 
3.96 
3.66 
3.36 
1.87 
1.24 
1.56 
2.30 
3.20 
3.30 
3.36 
3.35 
3.29 
3.23 
3.18 
3.14 
2.69 
1.80 
1.81 
2.53 
3.21 
3.35 
3.47 
3.51 
2.58 
1.63 
1.18 
1.22 
1.17 
1.15 
1.11 
0.96 
0.84 
0.83 
0.80 
0.98 
2.50 
3.05 
3.43 
3.52 
2.88 
2.00 
1.72 
2.24 
2.96 
3.09 
3.16 
3.19 
3.22 
3.20 
3.23 
3.26 
3.21 
3.07 
1.50 
1.03 
0.90 
0.80 
0.71 
0.71 
0.71 
0.73 
0.92 
0.97 
1.01 
1.03 
2.32 
2.97 
3.41 
3.41 
3.36 
3.30 
2.18 
1.39 
1.70 
2.40 
3.29 
3.46 
3.49 
3.47 
3.34 
3.26 
