237.86 
237.55 
237.63 
237.64 
238.08 
238.67 
241.68 
241.59 
240.68 
240.41 
240.11 
240.64 
238.71 
238.02 
236.38 
236.82 
239.99 
241.41 
243.30 
243.62 
244.31 
246.50 
251.35 
256.99 
267.94 
272.12 
275.98 
276.48 
277.18 
278.87 
283.39 
285.56 
289.45 
292.38 
296.12 
296.56 
297.65 
297.59 
298.75 
299.12 
300.55 
300.52 
300.26 
298.97 
296.31 
294.30 
292.00 
291.13 
289.02 
287.75 
285.00 
284.22 
284.86 
284.74 
288.36 
289.81 
293.46 
293.83 
292.71 
290.20 
287.43 
286.56 
284.21 
282.82 
280.94 
280.53 
279.84 
278.67 
274.71 
273.88 
273.42 
271.89 
269.89 
269.93 
270.32 
269.40 
267.75 
267.09 
265.17 
264.51 
261.26 
260.14 
255.31 
252.33 
247.83 
245.36 
241.30 
240.45 
240.24 
241.21 
241.78 
241.11 
241.14 
241.78 
241.50 
240.95 
