48.32 
48.16 
47.40 
47.24 
47.85 
46.96 
37.84 
23.42 
14.93 
15.69 
14.99 
19.83 
47.26 
54.12 
59.13 
60.02 
55.57 
51.00 
28.42 
18.81 
23.75 
34.97 
48.59 
50.11 
50.92 
50.83 
49.93 
49.07 
48.21 
47.67 
40.81 
27.27 
27.48 
38.45 
48.66 
50.82 
52.69 
53.29 
39.08 
24.80 
17.86 
18.51 
17.75 
17.52 
16.81 
14.60 
12.70 
12.62 
12.14 
14.85 
38.00 
46.34 
52.10 
53.43 
43.66 
30.29 
26.05 
34.06 
44.88 
46.93 
47.91 
48.38 
48.89 
48.55 
49.07 
49.53 
48.74 
46.51 
22.71 
15.62 
13.71 
12.10 
10.76 
10.82 
10.74 
11.15 
14.02 
14.78 
15.30 
15.57 
35.20 
45.02 
51.80 
51.77 
50.98 
50.14 
33.03 
21.12 
25.79 
36.45 
49.94 
52.48 
53.01 
52.66 
50.75 
49.51 
