8.79 
6.06 
7.31 
8.34 
7.42 
7.77 
9.14 
8.44 
8.34 
7.89 
6.96 
6.96 
8.11 
8.22 
7.89 
7.64 
8.34 
5.25 
7.42 
5.71 
5.14 
7.77 
7.77 
11.19 
9.59 
10.97 
11.07 
13.02 
12.45 
7.89 
10.05 
9.37 
8.44 
10.62 
10.97 
9.01 
9.59 
7.89 
17.58 
22.61 
20.33 
20.44 
19.31 
20.21 
16.56 
22.26 
19.76 
17.13 
20.09 
19.64 
18.26 
19.64 
19.41 
20.56 
21.92 
19.41 
20.33 
19.64 
21.37 
18.73 
17.01 
21.37 
18.26 
23.74 
21.37 
17.36 
21.12 
20.44 
18.38 
18.51 
19.64 
15.18 
14.73 
15.30 
10.39 
12.33 
12.67 
9.01 
11.52 
10.17 
6.16 
8.79 
7.42 
9.01 
8.34 
8.34 
8.91 
8.79 
11.07 
7.19 
10.74 
5.49 
7.77 
5.94 
7.09 
6.51 
