0.13 
0.18 
0.16 
0.17 
0.12 
0.16 
0.20 
0.18 
0.13 
0.22 
0.20 
0.16 
0.25 
0.33 
0.19 
0.22 
0.19 
0.26 
0.28 
0.42 
0.27 
0.21 
0.47 
0.56 
0.71 
1.01 
0.64 
0.46 
0.45 
0.31 
0.34 
0.46 
0.33 
0.34 
0.57 
0.66 
0.53 
0.58 
0.57 
0.52 
0.56 
0.71 
0.65 
0.80 
0.93 
0.79 
0.99 
0.82 
0.45 
0.43 
0.71 
0.67 
0.58 
0.73 
0.68 
0.68 
0.44 
0.55 
0.77 
0.49 
0.34 
0.37 
0.29 
0.59 
0.82 
0.66 
0.60 
0.67 
0.87 
0.78 
0.68 
0.65 
0.86 
0.85 
0.88 
0.64 
0.53 
0.56 
0.55 
0.57 
0.46 
0.47 
0.42 
0.40 
0.39 
0.31 
0.46 
0.44 
0.18 
0.17 
0.14 
0.19 
0.14 
0.20 
0.20 
0.20 
