9.87 
6.80 
8.21 
9.36 
8.33 
8.72 
10.26 
9.48 
9.36 
8.86 
7.82 
7.82 
9.11 
9.23 
8.86 
8.58 
9.36 
5.90 
8.33 
6.41 
5.77 
8.72 
8.72 
12.57 
10.77 
12.32 
12.43 
14.62 
13.98 
8.86 
11.28 
10.52 
9.48 
11.92 
12.32 
10.12 
10.77 
8.86 
19.74 
25.39 
22.83 
22.95 
21.68 
22.69 
18.59 
25.00 
22.19 
19.23 
22.56 
22.05 
20.50 
22.05 
21.79 
23.09 
24.61 
21.79 
22.83 
22.05 
23.99 
21.03 
19.10 
23.99 
20.50 
26.66 
23.99 
19.49 
23.71 
22.95 
20.64 
20.78 
22.05 
17.04 
16.54 
17.18 
11.67 
13.84 
14.23 
10.12 
12.94 
11.42 
6.92 
9.87 
8.33 
10.12 
9.36 
9.36 
10.01 
9.87 
12.43 
8.07 
12.06 
6.16 
8.72 
6.67 
7.96 
7.31 
