2.25 
1.56 
1.87 
2.14 
1.91 
2.00 
2.33 
2.16 
2.14 
2.02 
1.78 
1.78 
2.07 
2.11 
2.02 
1.96 
2.14 
1.34 
1.91 
1.47 
1.32 
2.00 
2.00 
2.86 
2.47 
2.82 
2.84 
3.35 
3.19 
2.02 
2.58 
2.40 
2.16 
2.73 
2.82 
2.31 
2.47 
2.02 
4.51 
5.81 
5.22 
5.24 
4.95 
5.19 
4.25 
5.72 
5.06 
4.40 
5.15 
5.04 
4.69 
5.04 
4.97 
5.28 
5.63 
4.97 
5.22 
5.04 
5.48 
4.80 
4.36 
5.48 
4.69 
6.10 
5.48 
4.45 
5.41 
5.24 
4.71 
4.75 
5.04 
3.90 
3.79 
3.92 
2.66 
3.17 
3.26 
2.31 
2.95 
2.60 
1.58 
2.25 
1.91 
2.31 
2.14 
2.14 
2.29 
2.25 
2.84 
1.85 
2.75 
1.41 
2.00 
1.52 
1.83 
1.67 
