3.30 
2.27 
2.75 
3.13 
2.78 
2.92 
3.43 
3.17 
3.13 
2.96 
2.61 
2.61 
3.05 
3.09 
2.96 
2.87 
3.13 
1.97 
2.78 
2.14 
1.93 
2.92 
2.92 
4.20 
3.60 
4.12 
4.16 
4.89 
4.67 
2.96 
3.77 
3.51 
3.17 
3.99 
4.12 
3.39 
3.60 
2.96 
6.60 
8.49 
7.64 
7.68 
7.25 
7.59 
6.22 
8.36 
7.42 
6.43 
7.55 
7.38 
6.86 
7.38 
7.29 
7.72 
8.23 
7.29 
7.64 
7.38 
8.02 
7.04 
6.39 
8.02 
6.86 
8.92 
8.02 
6.52 
7.93 
7.68 
6.90 
6.95 
7.38 
5.70 
5.53 
5.74 
3.91 
4.63 
4.76 
3.39 
4.33 
3.82 
2.31 
3.30 
2.78 
3.39 
3.13 
3.13 
3.35 
3.30 
4.16 
2.70 
4.03 
2.06 
2.92 
2.23 
2.66 
2.44 
