0.16 
0.21 
0.19 
0.20 
0.15 
0.19 
0.25 
0.21 
0.16 
0.27 
0.25 
0.19 
0.30 
0.40 
0.24 
0.27 
0.24 
0.32 
0.34 
0.52 
0.33 
0.26 
0.57 
0.69 
0.87 
1.23 
0.78 
0.56 
0.55 
0.38 
0.42 
0.56 
0.40 
0.42 
0.70 
0.80 
0.64 
0.71 
0.70 
0.63 
0.69 
0.87 
0.79 
0.98 
1.14 
0.97 
1.20 
1.00 
0.55 
0.53 
0.87 
0.82 
0.71 
0.89 
0.83 
0.83 
0.54 
0.67 
0.93 
0.60 
0.42 
0.45 
0.35 
0.72 
1.00 
0.80 
0.73 
0.82 
1.06 
0.96 
0.83 
0.79 
1.05 
1.04 
1.07 
0.78 
0.64 
0.69 
0.67 
0.70 
0.56 
0.57 
0.52 
0.48 
0.47 
0.38 
0.56 
0.54 
0.21 
0.20 
0.17 
0.24 
0.17 
0.25 
0.25 
0.25 
