2.77 
1.92 
2.30 
2.63 
2.36 
2.46 
2.87 
2.65 
2.63 
2.49 
2.19 
2.19 
2.55 
2.59 
2.49 
2.42 
2.63 
1.65 
2.36 
1.81 
1.63 
2.46 
2.46 
3.52 
3.04 
3.47 
3.50 
4.12 
3.93 
2.49 
3.18 
2.95 
2.65 
3.36 
3.47 
2.84 
3.04 
2.49 
5.55 
7.15 
6.43 
6.45 
6.09 
6.39 
5.24 
7.04 
6.22 
5.42 
6.34 
6.20 
5.77 
6.20 
6.12 
6.50 
6.93 
6.12 
6.43 
6.20 
6.75 
5.90 
5.37 
6.75 
5.77 
7.51 
6.75 
5.47 
6.65 
6.45 
5.80 
5.84 
6.20 
4.80 
4.67 
4.82 
3.27 
3.90 
4.01 
2.84 
3.63 
3.20 
1.94 
2.77 
2.36 
2.84 
2.63 
2.63 
2.82 
2.77 
3.50 
2.27 
3.38 
1.74 
2.46 
1.87 
2.25 
2.06 
