2.08 
1.44 
1.73 
1.98 
1.76 
1.85 
2.15 
1.99 
1.98 
1.86 
1.64 
1.64 
1.91 
1.95 
1.86 
1.81 
1.98 
1.24 
1.76 
1.36 
1.22 
1.85 
1.85 
2.64 
2.28 
2.60 
2.62 
3.09 
2.94 
1.86 
2.38 
2.22 
1.99 
2.52 
2.60 
2.13 
2.28 
1.86 
4.16 
5.36 
4.82 
4.84 
4.57 
4.79 
3.92 
5.28 
4.67 
4.06 
4.75 
4.65 
4.33 
4.65 
4.59 
4.87 
5.20 
4.59 
4.82 
4.65 
5.06 
4.43 
4.02 
5.06 
4.33 
5.63 
5.06 
4.11 
4.99 
4.84 
4.35 
4.38 
4.65 
3.60 
3.50 
3.62 
2.46 
2.93 
3.01 
2.13 
2.72 
2.40 
1.46 
2.08 
1.76 
2.13 
1.98 
1.98 
2.11 
2.08 
2.62 
1.71 
2.54 
1.30 
1.85 
1.40 
1.69 
1.54 
