0.12 
0.16 
0.14 
0.15 
0.11 
0.14 
0.18 
0.16 
0.12 
0.20 
0.18 
0.14 
0.22 
0.29 
0.17 
0.20 
0.17 
0.23 
0.25 
0.36 
0.24 
0.19 
0.41 
0.50 
0.62 
0.89 
0.57 
0.40 
0.39 
0.28 
0.30 
0.40 
0.29 
0.30 
0.51 
0.59 
0.47 
0.52 
0.51 
0.46 
0.50 
0.62 
0.58 
0.71 
0.82 
0.70 
0.87 
0.73 
0.39 
0.37 
0.62 
0.59 
0.52 
0.64 
0.60 
0.60 
0.38 
0.49 
0.68 
0.44 
0.30 
0.33 
0.26 
0.53 
0.73 
0.59 
0.53 
0.59 
0.78 
0.69 
0.60 
0.58 
0.77 
0.76 
0.78 
0.57 
0.47 
0.50 
0.49 
0.51 
0.40 
0.42 
0.36 
0.35 
0.35 
0.28 
0.40 
0.38 
0.16 
0.15 
0.12 
0.17 
0.12 
0.18 
0.18 
0.18 
