0.02 
0.03 
0.02 
0.03 
0.02 
0.02 
0.03 
0.03 
0.02 
0.03 
0.03 
0.02 
0.05 
0.06 
0.03 
0.03 
0.03 
0.05 
0.06 
0.07 
0.06 
0.03 
0.10 
0.11 
0.14 
0.19 
0.12 
0.08 
0.08 
0.06 
0.07 
0.08 
0.06 
0.07 
0.11 
0.12 
0.11 
0.11 
0.11 
0.10 
0.11 
0.14 
0.12 
0.16 
0.18 
0.15 
0.19 
0.16 
0.08 
0.08 
0.14 
0.12 
0.11 
0.14 
0.14 
0.14 
0.08 
0.11 
0.15 
0.10 
0.07 
0.07 
0.06 
0.12 
0.16 
0.12 
0.12 
0.12 
0.17 
0.15 
0.14 
0.12 
0.17 
0.17 
0.17 
0.12 
0.11 
0.11 
0.11 
0.11 
0.08 
0.10 
0.07 
0.07 
0.07 
0.06 
0.08 
0.08 
0.03 
0.03 
0.02 
0.03 
0.02 
0.03 
0.03 
0.03 
