0.07 
0.09 
0.08 
0.09 
0.07 
0.08 
0.11 
0.09 
0.07 
0.12 
0.11 
0.08 
0.13 
0.19 
0.10 
0.12 
0.10 
0.14 
0.15 
0.22 
0.15 
0.12 
0.26 
0.31 
0.39 
0.56 
0.35 
0.25 
0.24 
0.17 
0.19 
0.25 
0.19 
0.19 
0.32 
0.35 
0.29 
0.33 
0.32 
0.29 
0.31 
0.39 
0.35 
0.44 
0.50 
0.43 
0.53 
0.45 
0.24 
0.23 
0.39 
0.36 
0.33 
0.39 
0.37 
0.37 
0.24 
0.30 
0.42 
0.28 
0.19 
0.21 
0.15 
0.34 
0.45 
0.35 
0.34 
0.36 
0.48 
0.43 
0.37 
0.35 
0.47 
0.47 
0.48 
0.35 
0.29 
0.31 
0.30 
0.32 
0.25 
0.26 
0.22 
0.22 
0.22 
0.17 
0.25 
0.24 
0.09 
0.09 
0.08 
0.10 
0.08 
0.11 
0.11 
0.11 
