1.18 
0.82 
0.98 
1.12 
1.00 
1.06 
1.23 
1.14 
1.12 
1.07 
0.94 
0.94 
1.09 
1.11 
1.07 
1.04 
1.12 
0.70 
1.00 
0.78 
0.69 
1.06 
1.06 
1.50 
1.29 
1.48 
1.49 
1.77 
1.68 
1.07 
1.36 
1.26 
1.14 
1.44 
1.48 
1.22 
1.29 
1.07 
2.38 
3.07 
2.74 
2.75 
2.61 
2.73 
2.24 
3.01 
2.66 
2.32 
2.71 
2.65 
2.46 
2.65 
2.62 
2.79 
2.96 
2.62 
2.74 
2.65 
2.89 
2.53 
2.29 
2.89 
2.46 
3.21 
2.89 
2.34 
2.85 
2.75 
2.47 
2.51 
2.65 
2.05 
2.00 
2.06 
1.41 
1.67 
1.71 
1.22 
1.55 
1.37 
0.84 
1.18 
1.00 
1.22 
1.12 
1.12 
1.21 
1.18 
1.49 
0.97 
1.45 
0.75 
1.06 
0.80 
0.96 
0.88 
