6.60 
4.55 
5.48 
6.26 
5.57 
5.82 
6.85 
6.33 
6.26 
5.92 
5.23 
5.23 
6.09 
6.16 
5.92 
5.74 
6.26 
3.94 
5.57 
4.28 
3.86 
5.82 
5.82 
8.39 
7.19 
8.22 
8.31 
9.76 
9.34 
5.92 
7.53 
7.02 
6.33 
7.97 
8.22 
6.77 
7.19 
5.92 
13.18 
16.97 
15.26 
15.33 
14.48 
15.16 
12.42 
16.70 
14.82 
12.84 
15.06 
14.72 
13.69 
14.72 
14.55 
15.43 
16.43 
14.55 
15.26 
14.72 
16.02 
14.04 
12.76 
16.02 
13.69 
17.80 
16.02 
13.01 
15.84 
15.33 
13.79 
13.87 
14.72 
11.39 
11.05 
11.47 
7.80 
9.24 
9.51 
6.77 
8.65 
7.63 
4.62 
6.60 
5.57 
6.77 
6.26 
6.26 
6.68 
6.60 
8.31 
5.40 
8.05 
4.11 
5.82 
4.45 
5.31 
4.89 
