0.03 
0.05 
0.04 
0.05 
0.03 
0.04 
0.06 
0.05 
0.03 
0.06 
0.06 
0.04 
0.06 
0.08 
0.05 
0.06 
0.05 
0.07 
0.07 
0.09 
0.07 
0.06 
0.11 
0.14 
0.17 
0.25 
0.17 
0.11 
0.11 
0.08 
0.08 
0.11 
0.08 
0.08 
0.15 
0.17 
0.13 
0.15 
0.15 
0.12 
0.14 
0.17 
0.17 
0.20 
0.23 
0.19 
0.24 
0.21 
0.11 
0.10 
0.17 
0.17 
0.15 
0.17 
0.17 
0.17 
0.10 
0.14 
0.19 
0.12 
0.08 
0.09 
0.07 
0.16 
0.21 
0.17 
0.16 
0.17 
0.22 
0.19 
0.17 
0.17 
0.21 
0.21 
0.22 
0.17 
0.13 
0.14 
0.14 
0.15 
0.11 
0.11 
0.09 
0.09 
0.09 
0.08 
0.11 
0.10 
0.05 
0.05 
0.04 
0.05 
0.04 
0.06 
0.06 
0.06 
