0.17 
0.23 
0.20 
0.21 
0.16 
0.20 
0.27 
0.23 
0.17 
0.29 
0.27 
0.20 
0.33 
0.43 
0.26 
0.29 
0.26 
0.35 
0.37 
0.56 
0.36 
0.28 
0.62 
0.75 
0.94 
1.33 
0.85 
0.61 
0.60 
0.41 
0.45 
0.61 
0.43 
0.45 
0.76 
0.87 
0.69 
0.77 
0.76 
0.68 
0.75 
0.94 
0.86 
1.06 
1.23 
1.05 
1.30 
1.08 
0.60 
0.58 
0.94 
0.89 
0.77 
0.96 
0.90 
0.90 
0.59 
0.72 
1.01 
0.65 
0.45 
0.49 
0.38 
0.78 
1.08 
0.87 
0.79 
0.89 
1.15 
1.04 
0.90 
0.86 
1.14 
1.13 
1.16 
0.85 
0.69 
0.75 
0.72 
0.76 
0.61 
0.62 
0.56 
0.52 
0.51 
0.41 
0.61 
0.59 
0.23 
0.21 
0.18 
0.26 
0.18 
0.27 
0.27 
0.27 
