1.72 
1.20 
1.44 
1.64 
1.48 
1.54 
1.80 
1.66 
1.64 
1.56 
1.37 
1.37 
1.59 
1.62 
1.56 
1.51 
1.64 
1.03 
1.48 
1.13 
1.01 
1.54 
1.54 
2.20 
1.90 
2.17 
2.19 
2.58 
2.46 
1.56 
1.98 
1.84 
1.66 
2.10 
2.17 
1.78 
1.90 
1.56 
3.47 
4.47 
4.01 
4.03 
3.81 
4.00 
3.27 
4.40 
3.89 
3.39 
3.97 
3.88 
3.61 
3.88 
3.82 
4.07 
4.33 
3.82 
4.01 
3.88 
4.21 
3.69 
3.36 
4.21 
3.61 
4.69 
4.21 
3.42 
4.17 
4.03 
3.62 
3.66 
3.88 
3.00 
2.91 
3.01 
2.04 
2.43 
2.51 
1.78 
2.27 
2.00 
1.22 
1.72 
1.48 
1.78 
1.64 
1.64 
1.76 
1.72 
2.19 
1.42 
2.11 
1.09 
1.54 
1.17 
1.40 
1.29 
