145.09 
99.99 
120.68 
137.64 
122.47 
128.26 
150.88 
139.43 
137.64 
130.33 
115.02 
115.02 
133.92 
135.71 
130.33 
126.19 
137.64 
86.75 
122.47 
94.34 
84.82 
128.26 
128.26 
184.81 
158.33 
181.22 
182.74 
215.01 
205.63 
130.33 
165.91 
154.74 
139.43 
175.29 
181.22 
148.81 
158.33 
130.33 
290.31 
373.34 
335.83 
337.48 
318.86 
333.76 
273.35 
367.69 
326.31 
282.87 
331.83 
324.24 
301.49 
324.24 
320.52 
339.55 
361.89 
320.52 
335.83 
324.24 
352.79 
309.35 
280.94 
352.79 
301.49 
392.10 
352.79 
286.59 
348.65 
337.48 
303.55 
305.62 
324.24 
250.59 
243.29 
252.66 
171.57 
203.57 
209.22 
148.81 
190.33 
167.98 
101.78 
145.09 
122.47 
148.81 
137.64 
137.64 
147.16 
145.09 
182.74 
118.75 
177.36 
90.61 
128.26 
98.06 
117.09 
107.58 
