4.28 
2.95 
3.56 
4.06 
3.61 
3.78 
4.45 
4.11 
4.06 
3.84 
3.39 
3.39 
3.95 
4.00 
3.84 
3.72 
4.06 
2.56 
3.61 
2.78 
2.50 
3.78 
3.78 
5.45 
4.67 
5.34 
5.39 
6.34 
6.06 
3.84 
4.89 
4.56 
4.11 
5.17 
5.34 
4.39 
4.67 
3.84 
8.56 
11.01 
9.90 
9.95 
9.40 
9.84 
8.06 
10.84 
9.62 
8.34 
9.78 
9.56 
8.89 
9.56 
9.45 
10.01 
10.67 
9.45 
9.90 
9.56 
10.40 
9.12 
8.28 
10.40 
8.89 
11.56 
10.40 
8.45 
10.28 
9.95 
8.95 
9.01 
9.56 
7.39 
7.17 
7.45 
5.06 
6.00 
6.17 
4.39 
5.61 
4.95 
3.00 
4.28 
3.61 
4.39 
4.06 
4.06 
4.34 
4.28 
5.39 
3.50 
5.23 
2.67 
3.78 
2.89 
3.45 
3.17 
