4.86 
3.35 
4.04 
4.61 
4.10 
4.29 
5.05 
4.67 
4.61 
4.36 
3.85 
3.85 
4.49 
4.54 
4.36 
4.23 
4.61 
2.90 
4.10 
3.15 
2.84 
4.29 
4.29 
6.19 
5.30 
6.06 
6.12 
7.20 
6.88 
4.36 
5.55 
5.17 
4.67 
5.87 
6.06 
4.98 
5.30 
4.36 
9.72 
12.50 
11.24 
11.29 
10.67 
11.17 
9.15 
12.30 
10.92 
9.46 
11.10 
10.85 
10.09 
10.85 
10.72 
11.37 
12.11 
10.72 
11.24 
10.85 
11.81 
10.35 
9.40 
11.81 
10.09 
13.11 
11.81 
9.59 
11.67 
11.29 
10.16 
10.22 
10.85 
8.39 
8.14 
8.46 
5.75 
6.81 
7.01 
4.98 
6.37 
5.62 
3.41 
4.86 
4.10 
4.98 
4.61 
4.61 
4.93 
4.86 
6.12 
3.98 
5.94 
3.03 
4.29 
3.28 
3.91 
3.60 
