0.21 
0.28 
0.24 
0.25 
0.20 
0.24 
0.32 
0.28 
0.21 
0.34 
0.32 
0.24 
0.39 
0.52 
0.31 
0.34 
0.31 
0.41 
0.44 
0.67 
0.42 
0.33 
0.73 
0.90 
1.12 
1.58 
1.01 
0.72 
0.71 
0.49 
0.54 
0.72 
0.52 
0.54 
0.91 
1.03 
0.83 
0.92 
0.91 
0.81 
0.90 
1.12 
1.02 
1.26 
1.47 
1.25 
1.55 
1.29 
0.71 
0.69 
1.12 
1.06 
0.92 
1.15 
1.07 
1.07 
0.70 
0.86 
1.20 
0.77 
0.54 
0.59 
0.45 
0.93 
1.29 
1.03 
0.94 
1.06 
1.37 
1.24 
1.07 
1.02 
1.35 
1.34 
1.38 
1.01 
0.83 
0.90 
0.86 
0.91 
0.72 
0.73 
0.67 
0.62 
0.61 
0.49 
0.72 
0.70 
0.28 
0.25 
0.22 
0.31 
0.22 
0.32 
0.32 
0.32 
