1.08 
0.75 
0.90 
1.03 
0.92 
0.97 
1.13 
1.04 
1.03 
0.98 
0.86 
0.86 
1.00 
1.02 
0.98 
0.95 
1.03 
0.65 
0.92 
0.71 
0.64 
0.97 
0.97 
1.38 
1.19 
1.36 
1.37 
1.62 
1.54 
0.98 
1.24 
1.16 
1.04 
1.32 
1.36 
1.12 
1.19 
0.98 
2.18 
2.81 
2.52 
2.53 
2.39 
2.51 
2.05 
2.76 
2.44 
2.13 
2.49 
2.43 
2.26 
2.43 
2.40 
2.55 
2.72 
2.40 
2.52 
2.43 
2.65 
2.32 
2.10 
2.65 
2.26 
2.94 
2.65 
2.15 
2.61 
2.53 
2.27 
2.30 
2.43 
1.88 
1.83 
1.89 
1.29 
1.53 
1.57 
1.12 
1.42 
1.25 
0.77 
1.08 
0.92 
1.12 
1.03 
1.03 
1.11 
1.08 
1.37 
0.89 
1.33 
0.68 
0.97 
0.73 
0.88 
0.81 
