0.10 
0.14 
0.12 
0.13 
0.09 
0.12 
0.16 
0.14 
0.10 
0.17 
0.16 
0.12 
0.19 
0.24 
0.15 
0.17 
0.15 
0.20 
0.22 
0.30 
0.21 
0.17 
0.35 
0.42 
0.53 
0.75 
0.48 
0.34 
0.33 
0.23 
0.25 
0.34 
0.24 
0.25 
0.43 
0.49 
0.40 
0.44 
0.43 
0.39 
0.42 
0.53 
0.49 
0.60 
0.69 
0.59 
0.73 
0.62 
0.33 
0.31 
0.53 
0.50 
0.44 
0.54 
0.51 
0.51 
0.32 
0.41 
0.58 
0.37 
0.25 
0.27 
0.22 
0.45 
0.62 
0.49 
0.45 
0.50 
0.65 
0.59 
0.51 
0.49 
0.65 
0.64 
0.65 
0.48 
0.40 
0.42 
0.41 
0.43 
0.34 
0.35 
0.30 
0.30 
0.29 
0.23 
0.34 
0.32 
0.14 
0.13 
0.11 
0.15 
0.11 
0.16 
0.16 
0.16 
