0.96 
0.67 
0.81 
0.92 
0.83 
0.86 
1.00 
0.92 
0.92 
0.87 
0.76 
0.76 
0.89 
0.91 
0.87 
0.84 
0.92 
0.58 
0.83 
0.64 
0.57 
0.86 
0.86 
1.22 
1.06 
1.21 
1.21 
1.43 
1.37 
0.87 
1.11 
1.03 
0.92 
1.17 
1.21 
0.99 
1.06 
0.87 
1.94 
2.49 
2.24 
2.25 
2.12 
2.23 
1.82 
2.46 
2.18 
1.89 
2.21 
2.17 
2.01 
2.17 
2.14 
2.27 
2.42 
2.14 
2.24 
2.17 
2.36 
2.06 
1.87 
2.36 
2.01 
2.62 
2.36 
1.91 
2.32 
2.25 
2.02 
2.04 
2.17 
1.67 
1.62 
1.69 
1.14 
1.36 
1.40 
0.99 
1.27 
1.12 
0.68 
0.96 
0.83 
0.99 
0.92 
0.92 
0.98 
0.96 
1.21 
0.80 
1.18 
0.61 
0.86 
0.65 
0.79 
0.72 
