10.52 
7.25 
8.75 
9.98 
8.88 
9.30 
10.94 
10.11 
9.98 
9.45 
8.34 
8.34 
9.71 
9.84 
9.45 
9.15 
9.98 
6.29 
8.88 
6.84 
6.15 
9.30 
9.30 
13.40 
11.48 
13.14 
13.25 
15.59 
14.91 
9.45 
12.03 
11.22 
10.11 
12.71 
13.14 
10.79 
11.48 
9.45 
21.05 
27.07 
24.35 
24.47 
23.12 
24.20 
19.82 
26.66 
23.66 
20.51 
24.06 
23.51 
21.86 
23.51 
23.24 
24.62 
26.24 
23.24 
24.35 
23.51 
25.58 
22.43 
20.37 
25.58 
21.86 
28.43 
25.58 
20.78 
25.28 
24.47 
22.01 
22.16 
23.51 
18.17 
17.64 
18.32 
12.44 
14.76 
15.17 
10.79 
13.80 
12.18 
7.38 
10.52 
8.88 
10.79 
9.98 
9.98 
10.67 
10.52 
13.25 
8.61 
12.86 
6.57 
9.30 
7.11 
8.49 
7.80 
