0.04 
0.06 
0.05 
0.06 
0.04 
0.05 
0.07 
0.06 
0.04 
0.07 
0.07 
0.05 
0.08 
0.11 
0.06 
0.07 
0.06 
0.09 
0.10 
0.14 
0.10 
0.07 
0.17 
0.20 
0.26 
0.36 
0.24 
0.16 
0.16 
0.11 
0.12 
0.16 
0.11 
0.12 
0.21 
0.24 
0.19 
0.21 
0.21 
0.18 
0.20 
0.26 
0.24 
0.29 
0.33 
0.28 
0.35 
0.30 
0.16 
0.15 
0.26 
0.24 
0.21 
0.26 
0.25 
0.25 
0.15 
0.20 
0.28 
0.18 
0.12 
0.14 
0.10 
0.23 
0.30 
0.24 
0.23 
0.24 
0.32 
0.28 
0.25 
0.24 
0.31 
0.31 
0.32 
0.24 
0.19 
0.20 
0.20 
0.21 
0.16 
0.17 
0.14 
0.14 
0.14 
0.11 
0.16 
0.15 
0.06 
0.06 
0.05 
0.06 
0.05 
0.07 
0.07 
0.07 
