0.06 
0.08 
0.07 
0.08 
0.06 
0.07 
0.09 
0.08 
0.06 
0.09 
0.09 
0.07 
0.11 
0.15 
0.08 
0.09 
0.08 
0.12 
0.13 
0.18 
0.13 
0.09 
0.21 
0.26 
0.32 
0.46 
0.30 
0.20 
0.20 
0.15 
0.17 
0.20 
0.15 
0.17 
0.27 
0.30 
0.25 
0.27 
0.27 
0.23 
0.26 
0.32 
0.30 
0.37 
0.41 
0.35 
0.45 
0.38 
0.20 
0.19 
0.32 
0.30 
0.27 
0.32 
0.31 
0.31 
0.19 
0.26 
0.35 
0.23 
0.17 
0.18 
0.13 
0.28 
0.38 
0.30 
0.28 
0.30 
0.40 
0.35 
0.31 
0.30 
0.39 
0.39 
0.40 
0.30 
0.25 
0.26 
0.26 
0.27 
0.20 
0.21 
0.18 
0.18 
0.18 
0.15 
0.20 
0.19 
0.08 
0.08 
0.07 
0.08 
0.07 
0.09 
0.09 
0.09 
