1.38 
0.96 
1.16 
1.32 
1.18 
1.24 
1.44 
1.32 
1.32 
1.24 
1.09 
1.09 
1.27 
1.30 
1.24 
1.21 
1.32 
0.83 
1.18 
0.91 
0.81 
1.24 
1.24 
1.76 
1.52 
1.73 
1.75 
2.06 
1.96 
1.24 
1.58 
1.48 
1.32 
1.68 
1.73 
1.42 
1.52 
1.24 
2.77 
3.57 
3.21 
3.23 
3.05 
3.20 
2.61 
3.52 
3.11 
2.71 
3.17 
3.10 
2.89 
3.10 
3.06 
3.25 
3.47 
3.06 
3.21 
3.10 
3.37 
2.95 
2.68 
3.37 
2.89 
3.75 
3.37 
2.74 
3.33 
3.23 
2.90 
2.92 
3.10 
2.40 
2.33 
2.41 
1.64 
1.95 
2.01 
1.42 
1.81 
1.60 
0.98 
1.38 
1.18 
1.42 
1.32 
1.32 
1.40 
1.38 
1.75 
1.14 
1.69 
0.87 
1.24 
0.93 
1.12 
1.03 
