0.14 
0.19 
0.17 
0.18 
0.13 
0.17 
0.21 
0.19 
0.14 
0.23 
0.21 
0.17 
0.26 
0.34 
0.20 
0.23 
0.20 
0.28 
0.30 
0.45 
0.29 
0.22 
0.50 
0.59 
0.75 
1.07 
0.68 
0.49 
0.48 
0.32 
0.36 
0.49 
0.34 
0.36 
0.60 
0.70 
0.56 
0.61 
0.60 
0.55 
0.59 
0.75 
0.69 
0.85 
0.98 
0.84 
1.04 
0.87 
0.48 
0.46 
0.75 
0.71 
0.61 
0.77 
0.72 
0.72 
0.47 
0.58 
0.81 
0.53 
0.36 
0.39 
0.31 
0.62 
0.87 
0.70 
0.63 
0.71 
0.93 
0.83 
0.72 
0.69 
0.92 
0.91 
0.94 
0.68 
0.56 
0.59 
0.58 
0.60 
0.49 
0.50 
0.45 
0.42 
0.41 
0.32 
0.49 
0.47 
0.19 
0.18 
0.15 
0.20 
0.15 
0.21 
0.21 
0.21 
