0.66 
0.45 
0.54 
0.63 
0.55 
0.59 
0.69 
0.64 
0.63 
0.60 
0.52 
0.52 
0.61 
0.62 
0.60 
0.58 
0.63 
0.39 
0.55 
0.43 
0.39 
0.59 
0.59 
0.84 
0.72 
0.82 
0.83 
0.98 
0.93 
0.60 
0.75 
0.70 
0.64 
0.80 
0.82 
0.68 
0.72 
0.60 
1.33 
1.69 
1.53 
1.53 
1.45 
1.52 
1.24 
1.67 
1.48 
1.28 
1.51 
1.48 
1.38 
1.48 
1.46 
1.54 
1.64 
1.46 
1.53 
1.48 
1.60 
1.41 
1.27 
1.60 
1.38 
1.79 
1.60 
1.30 
1.58 
1.53 
1.38 
1.39 
1.48 
1.14 
1.11 
1.15 
0.78 
0.92 
0.96 
0.68 
0.86 
0.76 
0.46 
0.66 
0.55 
0.68 
0.63 
0.63 
0.67 
0.66 
0.83 
0.54 
0.81 
0.41 
0.59 
0.44 
0.53 
0.49 
