0.14 
0.19 
0.17 
0.18 
0.13 
0.17 
0.22 
0.19 
0.14 
0.24 
0.22 
0.17 
0.27 
0.35 
0.21 
0.24 
0.21 
0.29 
0.31 
0.46 
0.30 
0.23 
0.51 
0.61 
0.77 
1.10 
0.70 
0.50 
0.49 
0.33 
0.37 
0.50 
0.35 
0.37 
0.62 
0.72 
0.57 
0.63 
0.62 
0.56 
0.61 
0.77 
0.71 
0.87 
1.01 
0.86 
1.07 
0.89 
0.49 
0.47 
0.77 
0.73 
0.63 
0.79 
0.74 
0.74 
0.48 
0.59 
0.83 
0.54 
0.37 
0.40 
0.32 
0.64 
0.89 
0.72 
0.65 
0.73 
0.95 
0.85 
0.74 
0.71 
0.94 
0.93 
0.96 
0.70 
0.57 
0.61 
0.59 
0.62 
0.50 
0.51 
0.46 
0.43 
0.42 
0.33 
0.50 
0.48 
0.19 
0.18 
0.15 
0.21 
0.15 
0.22 
0.22 
0.22 
