1.12 
0.78 
0.93 
1.07 
0.95 
1.01 
1.17 
1.08 
1.07 
1.02 
0.89 
0.89 
1.04 
1.06 
1.02 
0.99 
1.07 
0.67 
0.95 
0.74 
0.66 
1.01 
1.01 
1.43 
1.23 
1.41 
1.42 
1.68 
1.60 
1.02 
1.29 
1.20 
1.08 
1.37 
1.41 
1.16 
1.23 
1.02 
2.26 
2.92 
2.61 
2.62 
2.48 
2.60 
2.13 
2.86 
2.53 
2.21 
2.58 
2.52 
2.34 
2.52 
2.49 
2.65 
2.82 
2.49 
2.61 
2.52 
2.75 
2.41 
2.18 
2.75 
2.34 
3.05 
2.75 
2.23 
2.71 
2.62 
2.35 
2.39 
2.52 
1.95 
1.90 
1.96 
1.34 
1.59 
1.63 
1.16 
1.47 
1.30 
0.80 
1.12 
0.95 
1.16 
1.07 
1.07 
1.15 
1.12 
1.42 
0.92 
1.38 
0.71 
1.01 
0.76 
0.91 
0.84 
