0.22 
0.30 
0.25 
0.27 
0.21 
0.25 
0.34 
0.30 
0.22 
0.36 
0.34 
0.25 
0.41 
0.55 
0.33 
0.36 
0.33 
0.43 
0.47 
0.71 
0.45 
0.35 
0.77 
0.95 
1.19 
1.68 
1.07 
0.76 
0.75 
0.52 
0.57 
0.76 
0.55 
0.57 
0.96 
1.09 
0.88 
0.98 
0.96 
0.86 
0.95 
1.19 
1.08 
1.34 
1.56 
1.33 
1.64 
1.37 
0.75 
0.73 
1.19 
1.12 
0.98 
1.22 
1.13 
1.13 
0.74 
0.91 
1.27 
0.82 
0.57 
0.63 
0.48 
0.99 
1.37 
1.09 
1.00 
1.12 
1.45 
1.31 
1.13 
1.08 
1.43 
1.42 
1.46 
1.07 
0.88 
0.95 
0.91 
0.96 
0.76 
0.77 
0.71 
0.66 
0.65 
0.52 
0.76 
0.74 
0.30 
0.27 
0.23 
0.33 
0.23 
0.34 
0.34 
0.34 
