0.88 
0.61 
0.74 
0.85 
0.76 
0.79 
0.92 
0.85 
0.85 
0.80 
0.70 
0.70 
0.82 
0.84 
0.80 
0.77 
0.85 
0.53 
0.76 
0.59 
0.52 
0.79 
0.79 
1.12 
0.97 
1.11 
1.11 
1.32 
1.26 
0.80 
1.02 
0.94 
0.85 
1.08 
1.11 
0.91 
0.97 
0.80 
1.78 
2.29 
2.05 
2.06 
1.95 
2.05 
1.67 
2.26 
2.00 
1.74 
2.03 
1.99 
1.84 
1.99 
1.96 
2.08 
2.22 
1.96 
2.05 
1.99 
2.16 
1.89 
1.72 
2.16 
1.84 
2.40 
2.16 
1.75 
2.13 
2.06 
1.85 
1.87 
1.99 
1.54 
1.49 
1.55 
1.05 
1.25 
1.29 
0.91 
1.16 
1.03 
0.62 
0.88 
0.76 
0.91 
0.85 
0.85 
0.90 
0.88 
1.11 
0.73 
1.09 
0.56 
0.79 
0.60 
0.72 
0.66 
