1.65 
1.14 
1.38 
1.56 
1.41 
1.47 
1.72 
1.57 
1.56 
1.48 
1.30 
1.30 
1.51 
1.54 
1.48 
1.44 
1.56 
0.98 
1.41 
1.08 
0.96 
1.47 
1.47 
2.10 
1.81 
2.06 
2.09 
2.45 
2.34 
1.48 
1.88 
1.76 
1.57 
2.00 
2.06 
1.70 
1.81 
1.48 
3.30 
4.26 
3.82 
3.84 
3.63 
3.81 
3.12 
4.19 
3.71 
3.23 
3.78 
3.70 
3.44 
3.70 
3.65 
3.87 
4.13 
3.65 
3.82 
3.70 
4.02 
3.52 
3.20 
4.02 
3.44 
4.47 
4.02 
3.26 
3.98 
3.84 
3.45 
3.49 
3.70 
2.86 
2.78 
2.87 
1.95 
2.32 
2.39 
1.70 
2.16 
1.91 
1.17 
1.65 
1.41 
1.70 
1.56 
1.56 
1.68 
1.65 
2.09 
1.36 
2.01 
1.04 
1.47 
1.11 
1.34 
1.23 
