2.84 
1.97 
2.35 
2.69 
2.42 
2.52 
2.94 
2.71 
2.69 
2.55 
2.24 
2.24 
2.61 
2.65 
2.55 
2.48 
2.69 
1.69 
2.42 
1.85 
1.67 
2.52 
2.52 
3.60 
3.11 
3.55 
3.58 
4.22 
4.02 
2.55 
3.26 
3.02 
2.71 
3.44 
3.55 
2.91 
3.11 
2.55 
5.68 
7.32 
6.58 
6.60 
6.23 
6.54 
5.36 
7.21 
6.37 
5.55 
6.49 
6.35 
5.91 
6.35 
6.26 
6.65 
7.09 
6.26 
6.58 
6.35 
6.91 
6.04 
5.50 
6.91 
5.91 
7.69 
6.91 
5.60 
6.81 
6.60 
5.94 
5.98 
6.35 
4.91 
4.78 
4.93 
3.35 
3.99 
4.10 
2.91 
3.72 
3.28 
1.99 
2.84 
2.42 
2.91 
2.69 
2.69 
2.89 
2.84 
3.58 
2.32 
3.46 
1.78 
2.52 
1.91 
2.30 
2.11 
