1.30 
0.90 
1.08 
1.24 
1.10 
1.16 
1.35 
1.24 
1.24 
1.16 
1.03 
1.03 
1.19 
1.22 
1.16 
1.13 
1.24 
0.78 
1.10 
0.85 
0.76 
1.16 
1.16 
1.65 
1.43 
1.62 
1.64 
1.93 
1.84 
1.16 
1.49 
1.39 
1.24 
1.57 
1.62 
1.33 
1.43 
1.16 
2.60 
3.35 
3.02 
3.03 
2.86 
3.01 
2.45 
3.30 
2.92 
2.54 
2.98 
2.91 
2.72 
2.91 
2.87 
3.05 
3.26 
2.87 
3.02 
2.91 
3.17 
2.77 
2.52 
3.17 
2.72 
3.52 
3.17 
2.57 
3.13 
3.03 
2.73 
2.75 
2.91 
2.26 
2.19 
2.27 
1.54 
1.83 
1.89 
1.33 
1.70 
1.50 
0.92 
1.30 
1.10 
1.33 
1.24 
1.24 
1.32 
1.30 
1.64 
1.07 
1.58 
0.82 
1.16 
0.87 
1.06 
0.97 
