0.64 
0.44 
0.53 
0.61 
0.54 
0.57 
0.67 
0.62 
0.61 
0.58 
0.51 
0.51 
0.59 
0.60 
0.58 
0.56 
0.61 
0.38 
0.54 
0.42 
0.38 
0.57 
0.57 
0.82 
0.70 
0.80 
0.81 
0.95 
0.91 
0.58 
0.73 
0.68 
0.62 
0.78 
0.80 
0.66 
0.70 
0.58 
1.29 
1.65 
1.49 
1.49 
1.41 
1.48 
1.21 
1.63 
1.44 
1.25 
1.47 
1.44 
1.34 
1.44 
1.42 
1.50 
1.60 
1.42 
1.49 
1.44 
1.56 
1.37 
1.24 
1.56 
1.34 
1.74 
1.56 
1.27 
1.54 
1.49 
1.34 
1.35 
1.44 
1.11 
1.08 
1.12 
0.76 
0.90 
0.93 
0.66 
0.84 
0.74 
0.45 
0.64 
0.54 
0.66 
0.61 
0.61 
0.65 
0.64 
0.81 
0.53 
0.79 
0.40 
0.57 
0.43 
0.52 
0.48 
