0.92 
0.64 
0.77 
0.88 
0.79 
0.82 
0.96 
0.88 
0.88 
0.83 
0.73 
0.73 
0.85 
0.87 
0.83 
0.80 
0.88 
0.55 
0.79 
0.61 
0.54 
0.82 
0.82 
1.17 
1.01 
1.16 
1.16 
1.37 
1.31 
0.83 
1.06 
0.98 
0.88 
1.12 
1.16 
0.95 
1.01 
0.83 
1.85 
2.38 
2.14 
2.15 
2.03 
2.13 
1.74 
2.35 
2.08 
1.81 
2.11 
2.07 
1.92 
2.07 
2.04 
2.17 
2.31 
2.04 
2.14 
2.07 
2.25 
1.97 
1.79 
2.25 
1.92 
2.50 
2.25 
1.82 
2.22 
2.15 
1.93 
1.95 
2.07 
1.60 
1.55 
1.61 
1.09 
1.30 
1.34 
0.95 
1.21 
1.07 
0.65 
0.92 
0.79 
0.95 
0.88 
0.88 
0.94 
0.92 
1.16 
0.76 
1.13 
0.58 
0.82 
0.62 
0.75 
0.69 
