0.23 
0.31 
0.26 
0.28 
0.22 
0.26 
0.35 
0.31 
0.23 
0.37 
0.35 
0.26 
0.42 
0.57 
0.34 
0.37 
0.34 
0.44 
0.49 
0.73 
0.46 
0.36 
0.80 
0.98 
1.23 
1.73 
1.11 
0.78 
0.77 
0.54 
0.59 
0.78 
0.57 
0.59 
0.99 
1.13 
0.91 
1.01 
0.99 
0.89 
0.98 
1.23 
1.12 
1.38 
1.61 
1.37 
1.69 
1.41 
0.77 
0.75 
1.23 
1.16 
1.01 
1.26 
1.17 
1.17 
0.76 
0.94 
1.31 
0.85 
0.59 
0.65 
0.50 
1.02 
1.41 
1.13 
1.03 
1.16 
1.50 
1.35 
1.17 
1.12 
1.48 
1.47 
1.51 
1.11 
0.91 
0.98 
0.94 
0.99 
0.78 
0.80 
0.73 
0.68 
0.67 
0.54 
0.78 
0.76 
0.31 
0.28 
0.24 
0.34 
0.24 
0.35 
0.35 
0.35 
