1.50 
1.05 
1.26 
1.43 
1.29 
1.35 
1.57 
1.44 
1.43 
1.36 
1.19 
1.19 
1.38 
1.41 
1.36 
1.32 
1.43 
0.90 
1.29 
0.99 
0.88 
1.35 
1.35 
1.92 
1.66 
1.89 
1.91 
2.25 
2.14 
1.36 
1.72 
1.61 
1.44 
1.83 
1.89 
1.55 
1.66 
1.36 
3.02 
3.89 
3.50 
3.52 
3.32 
3.49 
2.85 
3.84 
3.39 
2.95 
3.46 
3.38 
3.15 
3.38 
3.33 
3.54 
3.78 
3.33 
3.50 
3.38 
3.67 
3.22 
2.92 
3.67 
3.15 
4.09 
3.67 
2.98 
3.63 
3.52 
3.16 
3.19 
3.38 
2.62 
2.54 
2.62 
1.78 
2.12 
2.19 
1.55 
1.98 
1.74 
1.07 
1.50 
1.29 
1.55 
1.43 
1.43 
1.53 
1.50 
1.91 
1.24 
1.84 
0.95 
1.35 
1.02 
1.22 
1.12 
