0.08 
0.11 
0.10 
0.11 
0.08 
0.10 
0.13 
0.11 
0.08 
0.14 
0.13 
0.10 
0.16 
0.21 
0.12 
0.14 
0.12 
0.17 
0.18 
0.25 
0.18 
0.14 
0.30 
0.36 
0.45 
0.64 
0.41 
0.29 
0.28 
0.20 
0.22 
0.29 
0.21 
0.22 
0.37 
0.41 
0.34 
0.38 
0.37 
0.33 
0.36 
0.45 
0.41 
0.51 
0.59 
0.50 
0.62 
0.53 
0.28 
0.26 
0.45 
0.42 
0.38 
0.46 
0.43 
0.43 
0.27 
0.35 
0.49 
0.32 
0.22 
0.24 
0.18 
0.39 
0.53 
0.41 
0.39 
0.42 
0.56 
0.50 
0.43 
0.41 
0.55 
0.55 
0.56 
0.41 
0.34 
0.36 
0.35 
0.37 
0.29 
0.30 
0.25 
0.25 
0.25 
0.20 
0.29 
0.27 
0.11 
0.11 
0.09 
0.12 
0.09 
0.13 
0.13 
0.13 
