0.18 
0.24 
0.21 
0.22 
0.17 
0.21 
0.28 
0.24 
0.18 
0.30 
0.28 
0.21 
0.34 
0.45 
0.27 
0.30 
0.27 
0.36 
0.38 
0.58 
0.37 
0.29 
0.64 
0.78 
0.98 
1.38 
0.88 
0.63 
0.62 
0.43 
0.47 
0.63 
0.45 
0.47 
0.79 
0.90 
0.72 
0.80 
0.79 
0.71 
0.78 
0.98 
0.89 
1.10 
1.28 
1.09 
1.35 
1.12 
0.62 
0.60 
0.98 
0.92 
0.80 
1.00 
0.93 
0.93 
0.61 
0.75 
1.05 
0.67 
0.47 
0.51 
0.39 
0.81 
1.12 
0.90 
0.82 
0.92 
1.19 
1.08 
0.93 
0.89 
1.18 
1.17 
1.20 
0.88 
0.72 
0.78 
0.75 
0.79 
0.63 
0.64 
0.58 
0.54 
0.53 
0.43 
0.63 
0.61 
0.24 
0.22 
0.19 
0.27 
0.19 
0.28 
0.28 
0.28 
