0.01 
0.02 
0.01 
0.02 
0.01 
0.01 
0.02 
0.02 
0.01 
0.02 
0.02 
0.01 
0.03 
0.04 
0.02 
0.02 
0.02 
0.03 
0.04 
0.04 
0.04 
0.02 
0.07 
0.07 
0.09 
0.13 
0.08 
0.05 
0.05 
0.04 
0.04 
0.05 
0.04 
0.04 
0.07 
0.08 
0.07 
0.07 
0.07 
0.07 
0.07 
0.09 
0.08 
0.11 
0.13 
0.11 
0.13 
0.11 
0.05 
0.05 
0.09 
0.08 
0.07 
0.09 
0.09 
0.09 
0.05 
0.07 
0.11 
0.07 
0.04 
0.04 
0.04 
0.08 
0.11 
0.08 
0.08 
0.08 
0.12 
0.11 
0.09 
0.08 
0.12 
0.12 
0.12 
0.08 
0.07 
0.07 
0.07 
0.07 
0.05 
0.07 
0.04 
0.04 
0.04 
0.04 
0.05 
0.05 
0.02 
0.02 
0.01 
0.02 
0.01 
0.02 
0.02 
0.02 
