3.70 
2.55 
3.08 
3.51 
3.12 
3.27 
3.85 
3.55 
3.51 
3.32 
2.93 
2.93 
3.42 
3.46 
3.32 
3.22 
3.51 
2.21 
3.12 
2.40 
2.16 
3.27 
3.27 
4.71 
4.04 
4.62 
4.66 
5.48 
5.24 
3.32 
4.23 
3.94 
3.55 
4.47 
4.62 
3.80 
4.04 
3.32 
7.40 
9.52 
8.56 
8.61 
8.13 
8.51 
6.97 
9.37 
8.32 
7.21 
8.46 
8.27 
7.69 
8.27 
8.17 
8.66 
9.23 
8.17 
8.56 
8.27 
8.99 
7.89 
7.16 
8.99 
7.69 
10.00 
8.99 
7.31 
8.89 
8.61 
7.74 
7.79 
8.27 
6.39 
6.20 
6.44 
4.38 
5.19 
5.34 
3.80 
4.85 
4.28 
2.59 
3.70 
3.12 
3.80 
3.51 
3.51 
3.75 
3.70 
4.66 
3.03 
4.52 
2.31 
3.27 
2.50 
2.98 
2.74 
