0.15 
0.20 
0.18 
0.19 
0.14 
0.18 
0.23 
0.20 
0.15 
0.25 
0.23 
0.18 
0.28 
0.37 
0.22 
0.25 
0.22 
0.30 
0.32 
0.48 
0.31 
0.24 
0.53 
0.64 
0.81 
1.15 
0.73 
0.52 
0.51 
0.35 
0.39 
0.52 
0.37 
0.39 
0.65 
0.75 
0.60 
0.66 
0.65 
0.59 
0.64 
0.81 
0.74 
0.91 
1.06 
0.90 
1.12 
0.93 
0.51 
0.49 
0.81 
0.76 
0.66 
0.83 
0.77 
0.77 
0.50 
0.62 
0.87 
0.56 
0.39 
0.42 
0.33 
0.67 
0.93 
0.75 
0.68 
0.76 
0.99 
0.89 
0.77 
0.74 
0.98 
0.97 
1.00 
0.73 
0.60 
0.64 
0.62 
0.65 
0.52 
0.53 
0.48 
0.45 
0.44 
0.35 
0.52 
0.50 
0.20 
0.19 
0.16 
0.22 
0.16 
0.23 
0.23 
0.23 
